2.417932
2.163715
2.472232
2.040556
1.430354
1.774293
1.165867
1.810774
1.811041
1.772138
1.408333
1.903761
2.435384
2.299243
2.208589
2.005986
2.406988
2.23465
1.950909
1.952024
2.356896
2.742282
2.444323
2.207699
3.620473
3.97804
3.966741
3.705676
3.244418
2.616556
1.848252
2.101672
2.347421
1.806778
1.803388
2.161768
3.210072
3.236883
3.709076
2.761904
1.995292
1.594765
2.262566
1.883776
1.737554
1.56517
1.478908
1.652358
1.987024
1.947486
1.481276
1.505848
1.785221
1.959695
2.377386
2.677667
2.806633
2.670293
2.703336
3.383631
2.468498
2.864696
3.97553
4.183304
4.119707
3.073481
2.874561
2.513051
2.663184
2.065372
1.877742
1.641552
1.555911
2.527321
2.23759
2.489263
3.056875
1.995913
2.314651
2.203607
2.230854
2.271335
2.793843
3.006534
3.233151
3.907204
3.667784
3.501931
3.122392
2.942802
3.499277
2.879922
3.06263
2.207104
2.037042
1.637565
1.667393
1.54508
1.605126
1.705227
2.013494
2.694772
3.106574
3.096157
2.873414
2.829525
3.008408
3.08703
3.333765
2.496448
2.525512
2.701607
2.41526
2.531292
2.617178
2.092139
2.957505
2.769237
2.827877
2.471037
2.676459
2.643638
2.800449
2.266923
2.090682
2.184527
2.581288
2.653505
2.97249
2.932206
2.664045
3.69026
3.08135
3.275606
2.31532
1.747773
1.541014
1.763827
1.15571
1.353511
1.365729
1.703951
2.147337
2.04988
1.944613
2.624962
2.571748
2.045845
1.922297
2.001596
2.422332
2.731395
2.384644
2.769507
2.87649
3.331102
4.176685
4.336627
3.64382
3.776004
2.813735
3.085561
3.504729
2.462819
2.03316
2.07494
2.066411
2.415049
2.30943
2.374605
2.767746
2.365194
2.110314
1.835452
1.787321
1.908413
2.02759
1.927721
1.643583
1.419443
1.309142
1.133662
1.18907
1.512695
1.455199
1.282058
1.596096
1.462038
1.2407
1.638916
1.768806
2.105748
2.176917
2.346345
2.841478
4.137706
3.198445
2.778331
3.153625
3.634569
