0.001528378
0.001357784
0.001277134
0.00121035
0.001145058
0.001155098
0.001326685
0.001189935
0.001069672
0.0009891741
0.0009879921
0.0009719915
0.0009800643
0.0008954543
0.0009111155
0.001013071
0.001024025
0.0009466009
0.0009829394
0.0009234676
0.0009807571
0.0009290735
0.0009554606
0.0009746694
0.0009799411
0.0009946967
0.0008832859
0.0008895753
0.0008425784
0.0007678966
0.0007369893
0.0007773262
0.0007996446
0.0007188789
0.0007217109
0.0007365824
0.0008161396
0.0007309234
0.0006809146
0.0007065504
0.0006691298
0.0006555613
0.0006977742
0.000710009
0.0007426122
0.000801083
0.0007719576
0.0007647219
0.0007596422
0.0007623357
0.0007448027
0.0007228572
0.0007366919
0.0007182023
0.0007182785
0.0007303728
0.000834613
0.0008764116
0.0008786394
0.0008723926
0.0008851932
0.0009087343
0.0009640002
0.000882043
0.0008532824
0.0009215358
0.001026513
0.0009744721
0.0010164
0.00102941
0.001077346
0.001177984
0.001131464
0.001108789
0.001058762
0.001145967
0.0009784538
0.001026906
0.001009193
0.001044833
0.001045574
0.0009794176
0.0009663343
0.0008875184
0.0008411431
0.0008082549
0.0008447719
0.0008492637
0.0007291856
0.0007514187
0.0007501898
0.0008062061
0.0008205699
0.0008555027
0.0008517329
0.0008063634
0.0007890331
0.0007835205
0.0007056835
0.0007086716
0.0006823402
0.0006452537
0.0006839398
0.0008025665
0.0007459258
0.0006576447
0.0006538158
0.0006851186
0.000653118
0.0007119915
0.0006509194
0.000656625
0.0006706392
0.0006752322
0.0007972394
0.0008518753
0.0009305507
0.001003926
0.001065405
0.001062711
0.0009669893
0.0009676038
0.0008986301
0.0008787226
0.00086865
0.0009119627
0.0008627676
0.0009053057
0.0009097372
0.0008228647
0.0008004936
0.0007881676
0.0007986815
0.0007404137
0.0007594266
0.000668534
0.0006441235
0.0006440797
0.0006337434
0.0006124692
0.0005757649
0.0005124155
0.0005443421
0.0005576553
0.0005089503
0.0004791751
0.0004255475
0.0004563885
0.0004280448
0.0004183059
0.0004523453
0.0004942175
0.0004770548
0.000435926
0.0004267717
0.0004470415
0.0004677564
0.0004657951
0.0005137449
0.0005135848
0.0004572691
0.0004634649
0.00043893
0.0004592233
0.0004424317
0.0004318738
0.0004651562
0.0004944762
0.000514797
0.0005206077
0.0005383292
0.0005641963
0.0005232392
0.0005290581
0.0004881983
0.0005155587
0.0005891725
0.0005584047
0.0004999444
0.0005578004
0.000629188
0.0006456671
0.0006812433
0.000671539
0.0006694402
0.0006794253
0.0007249786
0.0007546012
0.000716232
0.0007236341
0.0006703925
0.0007270417
0.0008938343
0.0008260048
0.0008332751
0.0009046655
0.0009292589
0.0008885499
0.0008886281
0.0007452311
0.0007579948
0.0007056654
0.0007098031
0.0008379955
0.0008551552
0.0007919184
0.000795938
0.0007570849
0.0006974797
0.0007405774
0.000659585
0.0007000027
0.0007886896
0.0007689551
0.0007788287
0.0007569596
0.0007761893
0.0007843137
0.0008126315
0.0007815965
0.0007673567
0.0006774926
0.0007441916
0.0006940742
0.000710774
0.0007414241
0.0007568108
0.0006395926
0.0006235991
0.0005996839
0.0006379047
0.0007619571
0.0008478903
0.0009209964
0.0009353043
0.0009620097
0.000956443
0.0009227844
0.0008910808
0.0009497926
0.0008932002
0.0009917865
0.0008524946
0.0007799246
0.0007669549
0.0007259202
0.0008008863
0.0007448582
0.0007373762
0.000801696
0.0008206002
0.0008951415
0.0009160223
0.0008837138
0.0009365332
0.000952504
0.0008757653
0.0008664553
0.0007838678
0.0007698385
0.0007333138
0.0007259895
0.0007472286
0.0007232988
0.0007249326
0.0006869103
0.0006860389
0.0007091926
0.000675738
0.0006710456
0.0006804473
0.0006586219
0.0006174431
0.0006619238
0.0006638627
0.0006568034
0.0006678534
0.0006819772
0.0006547666
0.0006562551
0.0006874671
0.0007086176
0.0006772517
0.0007416898
0.0007066974
0.0006955989
0.0006012383
0.0006158546
0.0006368132
0.0006075701
0.0006175082
0.0006392661
0.0005919592
0.0005992584
0.000613822
0.0006246731
0.0005931499
0.0005735315
0.0006242472
0.0006307204
0.0006605391
0.00062117
0.0006333345
0.0006304587
0.000620588
0.0006624112
0.000624974
0.00058733
0.0005643564
0.0006090924
0.0006273142
0.00064137
0.0005882216
0.0005810358
0.0005324598
0.0005247955
0.0005019515
0.0005123735
0.0005370021
0.0005242827
0.0005271006
0.0005260916
0.0005302073
0.0005747514
0.000554727
0.0006767326
0.0005788177
0.000605396
0.0006305061
0.0005959395
0.0006416618
0.0006526978
0.000694898
0.0006787539
0.0006270183
0.0006251953
0.0005915941
0.0005906676
0.0006077422
0.0006070815
0.0006857906
0.000695009
0.0007358029
0.0008195288
0.0008414493
0.0008324402
0.0008648114
0.000796903
0.0008161672
0.0008336917
0.0008554013
0.0008260385
0.0008824148
0.0008766702
0.001018452
0.001054689
0.0009403353
0.0009269585
0.0008948643
0.0008663151
0.0008216946
0.0007678097
0.0008251103
0.000778441
0.0007785754
0.0007806882
0.0007620365
0.0007077497
0.0006533915
0.0006421006
0.000689921
0.0006665524
0.0006773822
0.000627867
0.000619652
0.0006433702
0.0006825998
0.000687687
0.000736093
0.0006827341
0.0006869351
0.0007372356
0.0007195216
0.0007342549
0.0007609029
0.0008546941
0.001025351
0.0009322734
0.0009125493
0.0009676906
0.0009255012
0.0009233285
0.0008504613
0.0008663122
0.0008984808
0.0009552369
0.0009665256
0.0009574296
0.0008481042
0.0007510389
0.0007994218
0.0007808079
0.0008248311
0.000846317
0.0007803914
0.0007072563
0.0006131146
0.0005476225
0.0005468527
0.0004827769
0.0005306654
0.0005343092
0.0005204655
0.0004874154
0.0005288341
0.0005480987
0.0005287785
0.0006189267
0.0005419904
0.0006120342
0.0005769539
0.0005728034
0.0006380223
0.0006721665
0.0006825639
0.0006476468
0.0006668099
0.0006644723
0.0007329529
0.0006956703
0.0006614241
0.0005886275
0.000574862
0.0004972103
0.0004821346
0.0004629863
0.0005010136
0.0004803547
0.0004614973
0.0005096309
0.0005409941
0.0005303177
0.0005126754
0.0004748503
0.0004593052
0.0004730145
0.0005486524
0.000549942
0.0005213966
0.0005016591
0.0005343204
0.0005529471
0.0006627419
0.0006725128
0.0007080754
0.000768983
0.0007546257
0.0007327112
0.0006972033
0.0006803203
0.0006609905
0.0006637979
0.0006066072
0.0005773124
0.0005778679
0.000578413
0.0005910313
0.0006455328
0.0006832188
0.0007064463
0.0007118655
0.0007516785
0.0007801448
0.0007558087
0.0006833103
0.000739501
0.0007322817
0.0006664347
0.0006507444
0.0006459463
0.000683104
0.0006337362
0.0006712995
0.0006493639
0.0007405294
0.000787009
0.0007956582
0.000770976
0.0007712154
0.0007683203
0.0007651124
0.0007529144
0.0007187724
0.0007467662
0.0007208002
0.0007560783
0.0008096218
0.0008490569
0.0008536477
0.0007731466
0.0007853425
0.0008061653
0.0007129555
0.000711949
0.0007284355
0.0007131275
0.0006817099
0.0007277592
0.0007708241
0.0008291287
0.0007832873
0.0007905934
0.0007912999
0.0008303769
0.0008643314
0.0008311447
0.0008427333
0.0008601334
0.0008297122
0.0008029477
0.0007656421
0.0007288746
0.0006849184
0.000821324
0.0007990535
0.0007290487
0.0008077585
0.000786167
0.0008328185
0.0008385361
0.0007886032
0.0008080984
0.0009128933
0.0009035996
0.0008568858
0.0008543078
0.0007458336
0.0007756598
0.0006962153
0.0007331711
0.0007756279
0.0007952981
0.0008948645
0.0008106166
0.0007262089
0.0007495844
0.0006826438
0.0006644088
0.0006904156
0.0006216763
0.0006554658
0.0006186401
0.0006126734
0.0006372195
0.0006377131
0.0007503688
0.0007261577
0.0007071317
0.0006973546
0.000748938
0.0007471765
0.0007605625
0.0007808854
0.000767487
0.0008779802
0.000821362
0.0008703876
0.0008716599
0.0007949069
0.000787732
0.000691786
0.0007325696
0.0006800212
0.0006167959
0.0006098429
0.0006310655
0.0006129114
0.0006748274
0.0006560441
0.0006420242
0.0006420114
0.0006809665
0.0007293674
0.0007372916
0.0007393865
0.0007215056
0.0007585619
0.0007130092
0.0006954965
0.0007759247
0.0007958605
0.0008314258
0.0008580806
0.0009206804
0.001038828
0.000931525
0.0009493249
0.0009677467
0.001066357
0.001045557
0.001104725
0.001155277
0.001215526
0.001245091
0.001259616
0.001266105
0.001257944
0.00127324
0.001285599
0.001189592
0.001055826
0.001102532
0.001015754
0.0009780209
0.0009321861
0.0009181596
0.0009722112
0.0009071766
0.0009749337
0.0009894745
0.001194482
0.001349112
0.001272629
0.001192628
0.001221431
0.00121384
0.001211053
0.001053591
0.001032301
0.001045856
0.001060195
0.001031955
0.001208165
0.00124396
0.001099083
0.001139283
0.001054118
0.001159163
0.001117914
0.001067382
0.001067778
0.001083448
0.0009470313
0.000907594
0.0008975444
0.0008828583
0.0008085902
0.0007553616
0.0008321559
0.0008219573
0.0007467005
0.00077299
0.0007554688
0.0007140007
0.0008389229
0.0009245921
0.0009160217
0.0008489582
0.0008405923
0.0008002626
0.0008164342
0.0009375776
0.0008193489
0.0008143922
0.0007723453
0.0007512584
0.0007379958
0.0007631792
0.0007591736
0.0007642515
0.0008558349
0.0008130171
0.0007858192
0.0007467165
0.0008065693
0.000786373
0.0007892869
0.0007991507
0.000769798
0.0008044405
0.0008507907
0.0008118645
0.0007803217
0.0007103554
0.0007277848
0.0007585522
0.0006761228
0.0006898171
0.0006648029
0.0006730054
0.0007061434
0.0006756554
0.0007220924
0.0007078106
0.000705634
0.000669586
0.000673268
0.0006515546
0.0006282637
0.000633613
0.0006544684
0.0006183734
0.0006318493
0.0006399358
0.0005887925
0.0006100254
0.0005794229
0.0006049551
0.0005473251
0.0005442139
0.000501471
0.0004850756
0.0004852624
0.0004555389
0.0004996913
0.0005525708
0.0005267973
0.0005184532
0.0005151128
0.0005328257
0.0005189818
0.0005271433
0.000549471
0.0005760082
0.0005636441
0.0005899965
0.0005700141
0.0005830838
0.000537708
0.0004761934
0.0005138994
0.0005606565
0.0005484211
0.0004870569
0.0004790851
0.000489195
0.000509778
0.0005376285
0.0005747926
0.0006106939
0.0006058993
0.0006309261
0.0006207452
0.0006033545
0.0005661891
0.0005798627
0.0006115479
0.0006461906
0.0006626954
0.0007031556
0.0006741678
0.0006288185
0.0006115317
0.0006084383
0.0006196181
0.0005403323
0.000594913
0.0005920305
0.0006033383
0.000624402
0.0005830039
0.000672528
0.0006688013
0.0006479175
0.0007094045
0.0006555432
0.000702388
0.0006965116
0.0007427234
0.0007745402
0.0007504829
0.0007417681
0.0007973792
0.0007578895
0.0007620489
0.0007803557
0.0007641566
0.0007328692
0.0006727782
0.0006841619
0.0006709875
0.0006588263
0.000626587
0.0005840982
0.0005694395
0.0005410224
0.0005472662
0.0005669295
0.0005753152
0.0005568659
0.0005446394
0.0006094257
0.0005497705
0.000581788
0.0005538711
0.0006051077
0.0006554917
0.0007279524
0.0007166432
0.0007355392
0.0007116978
0.0007421059
0.0007756898
0.0007479179
0.0007498774
0.0007404744
0.0008185814
0.0008333545
0.0008085515
0.0008228968
0.0008190685
0.0007886592
0.0008541707
0.0008441092
0.0009329162
0.000825659
0.0008096633
0.000804194
0.0007635909
0.0007565156
0.0007189449
0.0007357224
0.0007629876
0.0007738469
0.0007866935
0.0008492732
0.0008089748
0.0009030916
0.0008492027
0.000826441
0.0007749128
0.0006904415
0.0006586398
0.0006500036
0.0006321259
0.0006508347
0.0006230451
0.0006456744
0.0007130446
0.0008114682
0.000862225
0.0008208303
0.0007879374
0.0008162817
0.0008843593
0.000787555
0.0007931413
0.0007715043
0.0008534476
0.0009124755
0.0008956788
0.0009147169
0.0009088909
0.0009948166
0.001033575
0.001020722
0.001097949
0.001095406
0.0009870615
0.001070372
0.001034816
0.001019779
0.001089335
0.001185127
0.001212501
0.00108859
0.001098388
0.00104386
0.0009379959
0.001028753
0.00093498
0.000944449
0.0009218528
0.000840732
0.0008361582
0.0008738752
0.0008112344
0.0007449752
0.0006729745
0.0006891178
0.0006958682
0.000715175
0.000667542
0.0006361158
0.000637049
0.0005840722
0.0006125645
0.0006623614
0.0006582956
0.0005810882
0.0005687243
0.0005929105
0.0005701401
0.0006275325
0.0005864951
0.0006135885
0.0005699867
0.0005478347
0.0005462209
0.0005332481
0.0005755312
0.0005290056
0.0005423452
0.0005099579
0.0005610975
0.0005400972
0.000581771
0.0005434168
0.0005434385
0.0004861022
0.0004640612
0.0004806625
0.000576164
0.0005780216
0.0005740655
0.0006386123
0.0006037539
0.0006332958
0.0006352833
0.0005856193
0.0006217839
0.0006451925
0.0006005369
0.0006231092
0.0006048108
0.0006364787
0.0005969156
0.0006362115
0.0006567792
0.0006592387
0.0006842184
0.0006868478
0.0006531319
0.0006486631
0.0006428339
0.0005390952
0.0005119293
0.0004745122
0.0004878867
0.0004599181
0.0004646919
0.0004581894
0.0005265901
0.0004869065
0.0005503806
0.0005164505
0.0004640871
0.0004502605
0.0004729931
0.0004635566
0.0004898917
0.0004699887
0.0004705871
0.0004695972
0.0004375021
0.0004406959
0.0004664617
0.0004561247
0.0004368751
0.0004674283
0.0004761212
0.00050323
0.0005099111
0.0004722071
0.000429061
0.0004092681
0.0004141205
0.0004172533
0.0004025071
0.0004505042
0.0004188386
0.0004333918
0.0004529615
0.0004571435
0.0004569195
0.0004612352
0.0004729093
0.0005067136
0.0005158965
0.0005321489
0.0005861681
0.0006217796
0.000625101
0.0006354532
0.0006644725
0.0006415403
0.0006954957
0.0006886027
0.0006997011
0.0006934853
0.0007530651
0.0007003289
0.0008002443
0.0008135681
0.0007376211
0.0007691198
0.0008464004
0.0008978398
0.0008946864
0.0009300358
0.0008702455
0.0008800545
0.000890536
0.0009533124
0.0008897716
0.0009325306
0.0008795478
0.0008110871
0.0007825523
0.00072656
0.0006805329
0.0006589411
0.0006053253
0.0006028118
0.0006311411
0.000627772
0.000638628
0.0006636021
0.000632921
0.0006559572
0.0006543808
0.0006341646
0.0006248936
0.0006629707
0.000725795
0.0006805485
0.0007098906
0.0007572927
0.0007641567
0.0006538113
0.0006377033
0.0006384955
0.000640278
0.0005455479
0.000499513
0.0005215449
0.0006192464
0.0005822263
0.0006390607
0.0005831718
0.0005474992
0.0005941226
0.0005832331
0.0005572056
0.0005822079
0.0005816223
0.0005558433
0.0005346274
0.0005569712
0.0005903339
0.0006278862
0.0006273883
0.000678239
0.000740945
0.0006952029
0.0006891333
0.0006689038
0.0006777799
0.0007318045
0.0006926326
0.0006950445
0.0006254695
0.0006422748
0.0006191786
0.0006455478
0.000655262
0.0006851685
0.0006760503
0.0006100723
0.0006139794
0.0006293393
0.0007027159
0.0006956666
0.0007047162
0.0007198712
0.0007986195
0.0008703099
0.0008104542
0.0007635393
0.0007632073
0.0007381191
0.0008278215
0.0008379404
0.0008913548
0.0008063579
0.0008753842
0.0008654283
0.0009306149
0.0009193251
0.0008783616
0.0008374246
0.0007922788
0.0007826763
0.0008032154
0.0007029841
0.0007276139
0.0007228985
0.0007081425
0.0006860506
0.0008076275
0.0009261193
0.000948292
0.0009696308
0.0010801
0.001091094
0.001087061
0.001211224
0.001302392
0.001301429
0.001372347
0.001459341
0.00127609
0.001344623
0.001488364
0.001481962
0.001467399
0.001457257
0.001126573
0.001203412
0.00118055
0.001210802
0.001172742
0.00111183
0.001205477
0.001229828
0.001148884
0.00114518
0.001083933
0.00115639
0.001122044
0.001071808
0.001093942
0.001033611
0.0009524644
0.0009908839
0.001029756
0.001016179
0.0009512301
0.0009311864
0.0008941501
0.000868456
0.0008870231
0.0009718756
0.001016873
0.0009703733
0.0009970896
0.0009988496
0.001004764
0.0008778881
0.0009068354
0.0008428445
0.0008951578
0.0008096103
0.0008235199
0.000853284
0.0008305678
0.0008302808
0.0008372114
0.0007201784
0.0006774584
0.0006316391
0.0006733961
0.0006596695
0.0006409541
0.0006765513
0.0006414898
0.0006263261
0.0006380321
0.0006605717
0.0006132257
0.000608548
0.0005869721
0.0005461512
0.0005459578
0.0005381485
0.0005033107
0.0004965758
0.000527784
0.0005032799
0.0004698499
0.0004982437
0.0005603334
0.0005855815
0.0006160605
0.0005587626
0.0005235011
0.0004827059
0.0005257812
0.000493942
0.0005037405
0.0005265029
0.0005355216
0.000566636
0.0005827035
0.0006501843
0.0006267281
0.0006261169
0.0006056867
0.0006912488
0.0006821755
0.0008127752
0.0008423125
0.0008253611
0.0008441268
0.0007933158
0.0008109515
0.0008058869
0.0009083877
0.0009100669
0.000848196
0.0008255625
0.0009019993
0.0008441064
0.0007545755
0.0008555094
0.0009188055
0.0008821609
0.0007861223
0.0007473363
0.0007886331
0.0008498031
0.0008148657
0.00085959
0.0009794983
0.0009748439
0.0009753686
0.001000391
0.000914795
0.0008942515
0.0009458322
0.0008838043
0.0009361667
0.0008450115
0.0008016712
0.0007454112
0.0007395226
0.0007224557
0.0007460772
0.0007197083
0.0007598735
0.0008240985
0.0008039148
0.0007979492
0.0007553948
0.0008050564
0.0008352585
0.0008675667
0.000812928
0.0008221124
0.0008281213
0.0008302077
0.0007899837
0.0007289264
0.0007406759
0.0007725316
0.0007819368
0.0007942388
0.000891863
0.00100883
0.0009254021
0.0009490971
0.0009895756
0.001022531
0.0009871249
0.0009723495
0.001097947
0.001047641
0.001203735
0.001284865
0.001248949
0.001161089
0.001120077
0.001196182
0.001124392
0.00108931
0.001146028
0.001154719
0.001137111
0.001207663
0.00106371
0.001053064
0.00100227
0.001004516
0.0009979528
0.0009811185
0.0009959955
0.001000576
0.001025584
0.0009711167
0.0009815078
0.0009866355
0.0009254873
0.0009357157
0.0008797505
0.0009562562
0.001091575
0.000966742
0.0008752655
0.0008578742
0.0008690731
0.0008380373
0.0008841354
0.0008290532
0.0007330889
0.0007776465
0.000807982
0.0007909885
0.0007838501
0.0007051538
0.0007299803
0.0007090853
0.0006845893
0.000681209
0.0006948032
0.0006278641
0.0007060034
0.0007242857
0.0007187919
0.0006794049
0.0008323099
0.0008702946
0.0008488861
0.0008848003
0.0009361505
0.0009762068
0.001101176
0.001030006
0.0009832248
0.0009504326
0.001071669
0.0009773708
0.0009395777
0.000894803
0.0009180045
0.0009720953
0.001006577
0.0009862413
0.0009328969
0.0009524556
0.001009116
0.0009309404
0.0008309468
0.0008661538
0.0009045684
0.000897667
0.0008972974
0.0008848381
0.0008842059
0.0009637062
0.0009788338
0.0009694143
0.0009685079
0.000986468
0.0009622893
0.001007119
0.0009519052
0.0008809641
0.0009251309
0.0008218562
0.0007526272
0.000759952
0.0007744338
0.0007509717
0.0008448185
0.000834276
0.0008089026
0.0008254606
0.0007595403
0.0008212771
0.0007542798
0.0007984697
0.000828911
0.0008391863
0.0008596704
0.00078349
0.000759816
0.0006987782
0.0006478766
0.000622232
0.0005705166
0.0005893871
0.0005907199
0.0006095845
0.0006512977
0.0007600095
0.000815754
0.0008156406
0.0007733407
0.0007217261
0.0007325075
0.0008307473
0.000857513
0.0008280108
0.0008203294
0.0008780591
0.0008513017
0.0008882842
0.0009523975
0.001019277
0.001038309
0.001069844
0.001036831
0.0009488969
0.0009446238
0.001021359
0.001029975
0.001033138
0.0009775354
0.00106358
0.001096613
0.0009943778
0.0009887611
0.001016665
0.00101111
0.000947925
0.001101139
0.001043354
0.0009097296
0.0009378654
0.0009240471
0.0009022846
0.0008816289
0.0009564452
0.0008342153
0.0008457536
0.0008618335
0.0008217753
0.0008043965
0.0008422153
0.0007939562
0.0009095415
0.000833123
0.0008865434
0.0008685113
0.0009601672
0.0009050195
0.0008667803
0.0008057646
0.0007266722
0.000722771
0.0007413013
0.0007175841
0.0006735222
0.0006863441
0.0007203167
0.0007708358
0.0007381913
0.0006818217
0.0007321161
0.0006876856
0.000748791
0.0007555919
0.0007576769
0.0006976459
0.000755159
0.0008482908
0.0008040414
0.0008340499
0.0007677617
0.0008188408
0.0008551002
0.0007901615
0.0007101806
0.0007177921
0.000743404
0.0007369921
0.0007183578
0.0006791638
0.0007032816
0.0007049055
0.0007755572
0.0007581666
0.0007731747
0.0007396821
0.0006975478
0.0006922458
0.0006825891
0.0007544072
0.0007108694
0.0006952605
0.0007144129
0.0007128421
0.0007343869
0.0006841843
0.0006701783
0.0006559664
0.0007077863
0.0006686129
0.000700447
0.0006586739
0.0006687862
0.000641947
0.0006703096
0.0006840042
0.0006191296
0.0006948545
0.000723869
0.000734161
0.0007113529
0.0006975612
0.0007790952
0.0008154296
0.0007498744
0.0007241746
0.0007550404
0.0007202522
0.0006689854
0.0006127771
0.0005592746
0.0005791383
0.0005483272
0.0005487368
0.0005908335
0.0006145237
0.0006125216
0.0006369873
0.0006206869
0.0006504816
0.0007515498
0.0007675095
0.0008540831
0.0008480724
0.0008160836
0.000840045
0.0007698272
0.000734871
0.0007531712
0.000740338
0.0006873524
0.0006525066
0.0006469601
0.0005941587
0.0005315196
0.0005673777
0.0005502539
0.0005440302
0.0005652311
0.0005382668
0.0005644981
0.0005746571
0.0005804501
0.0006059281
0.0006286651
0.0006452994
0.0006388403
0.0006108046
0.0006280546
0.0006526192
0.000649651
0.0006531043
0.0006721593
0.0007425672
0.0007799361
0.0008238995
0.0007514872
0.0007151419
0.0007129106
0.0007360491
0.0007843949
0.0007653779
0.0007439419
0.0007806698
0.0008264172
0.0007934814
0.0007860472
0.0008106344
0.000754581
0.0006911676
0.0007293474
0.0007698641
0.0007283312
0.000746616
0.0008201127
0.0009518334
0.0008589203
0.0009211787
0.00103304
0.0009169024
0.000903415
0.0009318704
0.0009252689
0.001017433
0.001054573
0.001065963
0.001051519
0.00103321
0.001100722
0.001096143
0.001099897
0.001152496
0.001144214
0.001099769
0.001013799
0.0009923173
0.001011073
0.000985584
0.0009773666
0.0009663297
0.001025213
0.00103255
0.001048532
0.0010468
0.0009856903
0.0009853321
0.0009646553
0.0009756333
0.001026198
0.001051613
0.001032025
0.001113391
0.0009480615
0.0009539571
0.0009457418
0.0008451346
0.0009040453
0.0009113698
0.0009717702
0.001000005
0.0009087931
0.0009985464
0.001036121
0.0009889683
0.0009847203
0.0009815894
0.000969945
0.0009200563
0.0008969824
0.0009522878
0.0008494318
0.0008510311
0.000851588
0.0008857252
0.0009951852
0.0009173438
0.0009250906
0.0009088801
0.0008811678
0.0009257464
0.0008963753
0.0009085938
0.0009027259
0.0008806866
0.0009414706
0.0009407149
0.0009870737
0.00113092
0.001126644
0.001017075
0.001079766
0.001074431
0.001018385
0.00106077
0.001166947
0.001158051
0.001176178
0.001191859
0.001210877
0.001170507
0.001210221
0.00129618
0.001212119
0.001111003
0.001108509
0.001129443
0.0009361416
0.0009022585
0.0009818341
0.000998715
0.001016755
0.001000197
0.0009213315
0.0008491179
0.0009285631
0.001023225
0.001090612
0.001120919
0.001061816
0.001016202
0.00102448
0.0009880372
0.0009266912
0.0008982221
0.0008319943
0.0008395175
0.0008365818
0.0008342676
0.0008994418
0.0009790005
0.001007467
0.001015773
0.001193023
0.001197175
0.001299181
0.00141554
0.001411694
0.001317649
0.001203776
0.00119206
0.001195697
0.001057738
0.001119066
0.001302717
0.00130332
0.00122491
0.001083321
0.0010842
0.00107094
0.0009829797
0.001036915
0.001008882
0.001086756
0.0009821258
0.0009994052
0.0009456328
0.001044572
0.0009511275
0.0009546216
0.001060771
0.001044816
0.001052584
0.001092146
0.001073832
0.001152487
0.00110934
0.001260979
0.001174501
0.001100272
0.001166761
0.001103284
0.00109415
0.001075453
0.001163428
0.001101544
0.001215095
0.0010947
0.00106655
0.001008777
0.001040381
0.0009613562
0.001022463
0.001023651
0.0008849851
0.0009012226
0.0008792746
0.0009163538
0.0008526518
0.0009198806
0.0009665374
0.0009840781
0.001055432
0.001032327
0.001173324
0.001194606
0.001172949
0.001019076
0.001055778
0.001020152
0.00104017
0.001088288
0.001064882
0.001080754
0.0009391732
0.0009298026
0.0009612804
0.0009462933
0.0009691702
0.001041461
0.0009747971
0.000929716
0.000928929
0.0008856283
0.000969735
0.001062704
0.001077882
0.001052847
0.001107993
0.001031569
0.001100699
0.001014403
0.001008213
0.001050603
0.0009647521
0.000823634
0.0007729588
0.0008581052
0.0007889536
0.0007512347
0.0007735221
0.0008224481
0.0008629597
0.0007674515
0.000722834
0.0006801449
0.0006344191
0.0006108167
0.0006177387
0.0005926081
0.000589086
0.0005567794
0.0005037099
0.0005119769
0.0005464652
0.0005529867
0.0005479187
0.0005378622
0.0004870906
0.0004802594
0.0005040006
0.0005275948
0.0004668854
0.0004371548
0.0004625041
0.0004721941
0.0004546666
0.0004463056
0.0004072568
0.0004082438
0.0004369708
0.0004212396
0.0003969655
0.0003476044
0.0004092807
0.0003920811
0.0004227069
0.000427474
0.000468363
0.0004752502
0.0004977071
0.0004917146
0.0005034466
0.0004849818
0.0004918777
0.000547949
0.0005444395
0.0005521295
0.0005258239
0.0005353467
0.0005383784
0.0005297405
0.0005537895
0.0005292793
0.000553916
0.0005457379
0.0005522678
0.0005750278
0.0006347549
0.000671945
0.0006854747
0.0006620051
0.0006437518
0.0006114312
0.0006557056
0.0006282423
0.0006321568
0.0006393077
0.0006084955
0.0006355831
0.0006873889
0.0007125555
0.0006723508
0.0007060595
0.0006372789
0.0006497724
0.0006660674
0.000633158
0.0005900386
0.0005807133
0.0005575421
0.0005803197
0.0005903087
0.0005939332
0.000571732
0.0006004561
0.000638257
0.0006468261
0.0006969795
0.0006038498
0.0006267892
0.0006641576
0.0006416697
0.0006647179
0.0007229676
0.0007652012
0.0007337422
0.0007333577
0.0007314014
0.0006944757
0.0006905431
0.0006611796
0.0006867781
0.0006549025
0.0006545112
0.0006209706
0.0005946265
0.0006470266
0.000725661
0.000736657
0.0007549729
0.0007680721
0.0007296882
0.000777103
0.0007950741
0.0008370026
0.000923039
0.0009321065
0.0008506624
0.0008969132
0.0009104457
0.0008807193
0.0008675547
0.0007223676
0.0006870408
0.0007678475
0.0007997338
0.000836641
0.00081906
0.0007511498
0.0007209468
0.0006898232
0.0007240533
0.0007993167
0.0007651274
0.0007950082
0.0007716026
0.0007813411
0.0007344959
0.0007067082
0.0006732295
0.0006689172
0.0006233639
0.0006071959
0.0006281012
0.0006456534
0.0006462717
0.0006346084
0.0006310736
0.0006644815
0.000612594
0.0006016439
0.0005999958
0.0005988544
0.0005822764
0.0006361572
0.0007238318
0.000747004
0.000766936
0.0008146163
0.0008462429
0.0008182413
0.0008272081
0.0008319028
0.0009277448
0.0008739755
0.0008419848
0.0008464334
0.0008930671
0.0008733229
0.0009300388
0.0008840685
0.0008385702
0.0008024701
0.0008426733
0.0008427328
0.000841624
0.0007032892
0.0007628731
0.0007147743
0.0007127904
0.0006805495
0.0006583842
0.0006532912
0.0006538939
0.0006524445
0.0006443113
0.0006327891
0.0006316521
0.0006297125
0.0006995703
0.000632992
0.0006280588
0.0006219648
0.000666534
0.0006886336
0.0006500369
0.0006822893
0.0007212455
0.000869335
0.0007891649
0.0008769472
0.0009329839
0.0009555443
0.0009389612
0.0009303174
0.0009829742
0.0009454075
0.0009246219
0.0009639493
0.0009375499
0.0009778951
0.0008644787
0.00095841
0.0009327407
0.0009702043
0.001012792
0.000965924
0.0009764921
0.001003478
0.0009663374
0.001030023
0.0009476524
0.001015399
0.001085434
0.001301012
0.001162425
0.001231093
0.001378463
0.00133394
0.001431291
0.001350244
0.001358636
0.001314595
0.001266824
0.001289623
0.00123163
0.001179883
0.001220715
0.001273739
0.001328046
0.001182293
0.001246181
0.00116604
0.00120984
0.00118321
0.001126535
0.001239456
0.001324597
0.001267055
0.001286268
0.0011885
0.001144269
0.001130136
0.001105847
0.001014463
0.001041573
0.001065203
0.001017503
0.001009657
0.000997163
0.00103968
0.001107999
0.001180926
0.001179159
0.001118096
0.001122278
0.001168729
0.00130755
0.001310686
0.001440138
0.001429641
0.001404457
0.001391117
0.001304096
0.001306603
0.001274713
0.001380958
0.001387578
0.001335496
0.001381099
0.001454234
0.001394059
0.001385392
0.001366577
0.001380894
0.001396854
0.001386882
0.001342317
0.001316254
0.001159142
0.001157949
0.001197801
0.001292202
0.001283422
0.001203634
0.001049158
0.001033967
0.001012098
0.001148274
0.001206651
0.001158118
0.001152366
0.001113192
0.001088355
0.0009806554
0.0009794552
0.001013628
0.001040362
0.0009073458
0.0009396524
0.0009657149
0.00100441
0.0009851713
0.0009382409
0.0009677057
0.0009910102
0.001036774
0.0009803926
0.001034875
0.001056661
0.0009673284
0.0008685325
0.0008503963
0.000865463
0.000886455
0.0008667796
0.0009283443
0.0009141602
0.0009405572
0.001013632
0.0009398188
0.001022012
0.0009717562
0.0009276487
0.0009240215
0.0009914512
0.0009905199
0.0009276428
0.0008892656
0.0008658774
0.0008570934
0.0008452357
0.0009194563
0.0009828333
0.0009668251
0.0009586556
0.0009692209
0.001002173
0.001026699
0.001025173
0.001047248
0.001135236
0.001015639
0.000959286
0.001007639
0.0009300308
0.0008521623
0.0008451853
0.0008988928
0.0009290206
0.0009879322
0.0008658196
0.0009769275
0.001015858
0.0009765056
0.0009136818
0.0008998984
0.000856969
0.0008289276
0.0008270052
0.00081749
0.0007745244
0.0008348353
0.0008930986
0.0008672325
0.0008745721
0.0008986241
0.0008886349
0.0009186391
0.0009613199
0.0009251584
0.0009183989
0.001028463
0.00100376
0.001007411
0.001058062
0.0009967258
0.0009319825
0.0009563902
0.0009392787
0.001053284
0.001068582
0.001093209
0.001066111
0.0009775739
0.001067828
0.001015685
0.0009438519
0.0008867008
0.0008557325
0.00083256
0.0008482478
0.000769237
0.0008065283
0.0009284517
0.0009213985
0.0008635818
0.0009329035
0.001072059
0.001128763
0.001258053
0.001222388
0.00136398
0.001326765
0.001469368
0.001424055
0.001405243
0.001339461
0.001344237
0.001189722
0.001196052
0.001053345
0.0009904933
0.001001193
0.0009816085
0.001040095
0.001075986
0.001083685
0.001083087
0.0009831436
0.0009166646
0.0008961426
0.0008001099
0.000720386
0.0007266372
0.0007624973
0.0007818548
0.0008314033
0.000925107
0.0009130035
0.0008370804
0.0007807568
0.0007982921
0.0008240623
0.000813076
0.0008166687
0.0008350141
0.0008016604
0.0007987861
0.0007816839
0.0008197543
0.0008320525
0.0007927348
0.0008820116
0.0007990547
0.0008569017
0.0008217402
0.0007672921
0.0008378067
0.0009186888
0.0008749478
0.0009518111
0.0009437563
0.0008717396
0.0008916196
0.0009486681
0.001001316
0.0009560514
0.0009408839
0.0009287189
0.0008698049
0.0008679469
0.0008477876
0.0008425457
0.0008420021
0.0008650805
0.0009256886
0.0008386779
0.0008590669
0.0008845581
0.0008964076
0.0009269801
0.0009500789
0.0009576565
0.0009192726
0.0009026386
0.0008779115
0.0009375299
0.0009128419
0.0008523422
0.0007920632
0.0008153305
0.0008278647
0.0007350211
0.0007233998
0.0007969206
0.0007919627
0.0007337541
0.0006963718
0.0006309155
0.0006523632
0.0006418802
0.0006936935
0.0007132447
0.0007161681
0.0007827777
0.0007081062
0.0007563932
0.0007485702
0.0007504896
0.0007786517
0.0008057979
0.0007676005
0.0008714045
0.0007839367
0.0006542591
0.000613433
0.0006279412
0.0006413343
0.000636644
0.0006094868
0.0006478181
0.0006176264
0.0006569339
0.0006725461
0.0006920442
0.0007010915
0.0006810532
0.00066984
0.0006534304
0.0007094332
0.0006981348
0.0006735818
0.0006126646
0.0006042897
0.000523898
0.0005512089
0.0005401793
0.0005714991
0.0005908307
0.0005761203
0.0006369815
0.0006590551
0.0006748927
0.0006425704
0.0006709777
0.0006825831
0.0006793733
0.0007475018
0.0007298222
0.0007612079
0.0006992198
0.0007425881
0.0008661977
0.0008757764
0.0008850256
0.0009363904
0.0008588692
0.0008696877
0.0008894007
0.0008941393
0.0009152767
0.0009570775
0.0009362082
0.0008360079
0.0007980677
0.0008039992
0.0007451446
0.0007448661
0.0007527463
0.0007310581
0.0007680747
0.0007413305
0.0006822584
0.0006107266
0.000656223
0.0006291697
0.0006445043
0.0007019163
0.0006839683
0.0007917666
0.0006722002
0.0006570773
0.000657882
0.0006171475
0.0006106682
0.0005915625
0.000546974
0.0005184909
0.0004938301
0.0005048259
0.0004917334
0.0004589088
0.0004692064
0.0004961376
0.0005189074
0.0005345968
0.0004723059
0.0004779125
0.0004774972
0.0005132707
0.0005466482
0.000552328
0.0005739929
0.0005673795
0.0005418112
0.0006231846
0.000576281
0.0005721889
0.000600302
0.0006667608
0.0006795999
0.0006567839
0.0006691483
0.0006427278
0.0006375549
0.0006021117
0.0005843044
0.0005711362
0.0005472016
0.0005735648
0.0005759732
0.0005926312
0.0005745424
0.0005330893
0.0005486042
0.0005321559
0.0005255049
0.0005325353
0.000527153
0.0005707222
0.0006359384
0.0007083212
0.0006893013
0.0006607989
0.0006850173
0.0007027378
0.0007548684
0.000662679
0.0006086721
0.0006089858
0.0006114811
0.0006153735
0.0005665999
0.0005819731
0.0005684313
0.0005685816
0.0005649398
0.000623287
0.0006292633
0.0006519691
0.0005868541
0.000594164
0.0006429161
0.0006631324
0.0006948146
0.0006780987
0.0007078647
0.0007419025
0.0007839555
0.0008240739
0.0007847684
0.0007478905
0.000801388
0.0008320825
0.000824521
0.0008749105
0.0008377428
0.0008500451
0.0008534937
0.0009188528
0.001011813
0.0009730576
0.0009739641
0.0009944978
0.0009776148
0.001004926
0.001065254
0.001006408
0.000961407
0.0009927874
0.001015868
0.0008926994
0.0009240891
0.0008819991
0.000765638
0.0007511173
0.0007656415
0.0007984654
0.0007463245
0.0008304695
0.0007412673
0.0007399842
0.0007512837
0.0007321751
0.0006463333
0.000568463
0.000572193
0.0006029928
0.0005797567
0.0005697837
0.0005411018
0.0005529884
0.0005566836
0.0005502
0.0005609466
0.0005672183
0.0006216131
0.0006455046
0.0007429546
0.0007568332
0.0007410341
0.0006493661
0.0006712668
0.0007712514
0.0007544278
0.0007412369
0.0006885087
0.0006571691
0.0006572706
0.0006902083
0.0006923383
0.0006443459
0.0006051406
0.0007223568
0.000733172
0.0008084
0.0007550962
0.0007621133
0.0007030531
0.0006840114
0.0006887244
0.0007314489
0.0006422036
0.0006693008
0.0006314689
0.0006791462
0.0006715315
0.0006325959
0.0006918649
0.0006641739
0.0007119068
0.0007347755
0.0007305965
0.0007191723
0.0007680448
0.0009322195
0.0009059518
0.0009856151
0.0009795835
0.0009993614
0.0009244231
0.0009782275
0.0009821362
0.0009169027
0.001062821
0.0009971246
0.0009726263
0.000976094
0.0008385519
0.0009463278
0.0008813767
0.0008445763
0.0007374215
0.0007827582
0.0007044207
0.0007181264
0.00071629
0.0007434842
0.0007896654
0.0007863518
0.0007517442
0.0007497055
0.0006956178
0.0006987456
0.000718623
0.000787517
0.0007399873
0.0007883124
0.0008096972
0.0007282562
0.0006977875
0.0006861769
0.0006708193
0.0006414708
0.0007319384
0.0007135559
0.0006600659
0.0006096206
0.0006220332
0.0006544973
0.0006717131
0.0006589188
0.0006510001
0.000676326
0.000663356
0.0006624593
0.0006416846
0.0006873806
0.0006811822
0.0007889668
0.0008481131
0.0008913364
0.000887272
0.0009530034
0.001061045
0.00114986
0.001135441
0.001249284
0.001187008
0.001175292
0.001181427
0.001206401
0.001292337
0.00114223
0.001117316
0.001135034
0.001125243
0.001174564
0.001223481
0.001269933
0.001361746
0.001381557
0.00151399
0.001405835
0.00138437
0.001397378
0.001306362
0.001310348
0.001344725
0.001392279
0.001316592
0.001193729
0.001312056
0.001430117
0.001236712
0.001288761
0.001500994
0.001249497
0.001282452
0.001206221
0.001186829
0.001076748
0.001049147
0.001093956
0.001091576
0.001168214
0.001181154
0.00120717
0.001244867
0.001205375
0.001194343
0.001286445
0.001380336
0.00130818
0.00137369
0.001398243
0.001267969
0.00124435
0.001186836
0.001150248
0.001094292
0.0009520605
0.0009309392
0.0009075837
0.0008523891
0.0008182509
0.0008024619
0.0007334769
0.0007591186
0.0007166188
0.0007467397
0.0006788926
0.0006721166
0.0007269271
0.0007464076
0.0007286274
0.0008025165
0.0008549473
0.0008958122
0.0008555506
0.0008232586
0.0007894957
0.0007650793
0.0007497899
0.000740235
0.0007718348
0.0007179473
0.0006784316
0.0007926766
0.000842097
0.00089256
0.000846508
0.0009365659
0.0008785279
0.0009196973
0.001015112
0.001071201
0.000939869
0.0009730155
0.0009274522
0.0008966633
0.0008681467
0.0008787267
0.000905677
0.0009618197
0.0009663156
0.0009843207
0.0008651731
0.000848478
0.000845796
0.0007590546
0.0007958053
0.000823094
0.0007819154
0.0007459674
0.0007617192
0.0008737114
0.0009159332
0.0008877171
0.0009039634
0.0008953955
0.0007743067
0.0007791269
0.0008356041
0.0008288954
0.0008278791
0.0008504299
0.000803649
0.0009009156
0.0009058164
0.0009038064
0.001010061
0.0009057342
0.0009026503
0.0009113109
0.001003258
0.001007033
0.000900509
0.0009012989
0.0008410275
0.0007866843
0.0007725521
0.0007592506
0.0008248842
0.0007240091
0.0007724372
0.0008226695
0.0007864724
0.0007920371
0.0007493441
0.0006695422
0.0006389643
0.0006277742
0.0006383924
0.0006049599
0.0006622656
0.0007115621
0.0007629327
0.0007775347
0.0006900487
0.0007144541
0.000663564
0.0006256006
0.0005265129
0.0005393291
0.0005778709
0.0005861014
0.0005580495
0.0005673781
0.0005841623
0.0005824241
0.0006121069
0.0006140299
0.000637288
0.0006162647
0.000601866
0.0006105982
0.0006808038
0.0006697589
0.0007032019
0.0006900709
0.0007082097
0.0007091471
0.0007283195
0.0008001172
0.0007317725
0.0007081894
0.000712092
0.0007294265
0.0007352158
0.0007489748
0.0007613916
0.0006945989
0.0007359522
0.0007308358
0.0007223852
0.0007466773
0.0007702972
0.0007456478
0.0007462625
0.0007803247
0.0007237769
0.0007518411
0.0007647965
0.0007978645
0.0008453566
0.0008809512
0.0008708255
0.0008480072
0.0009226432
0.000940284
0.0009371241
0.0009614897
0.000984194
0.001049843
0.0009265878
0.0008806577
0.0007726095
0.0007226574
0.0006935703
0.0007144063
0.0007511912
0.0006751307
0.0006278134
0.0006091682
0.0006881891
0.0007331085
0.0007002596
0.0006546661
0.000623609
0.000649414
0.0006399343
0.0006348176
0.0006417687
0.0006256154
0.0006225607
0.000576218
0.0005526203
0.0005816054
0.0006472791
0.0006191868
0.0006089701
0.0005612081
0.0005514324
0.0005277318
0.0005534056
0.0005135865
0.0005488197
0.0005348786
0.000549147
0.0005048165
0.0005085018
0.0005057324
0.0005124736
0.000584136
0.0006310418
0.0006286571
0.0006558062
0.0006943265
0.0006673995
0.0007109972
0.0006799744
0.0007237539
0.0007045696
0.0006744847
0.0006944245
0.0006741572
0.0006846814
0.0006984837
0.0007283046
0.0007341555
0.0007481744
0.0007809829
0.0008376262
0.0009088078
0.0009012301
0.0009686034
0.0009812693
0.0009636639
0.0009102901
0.001034914
0.001122874
0.001045522
0.000928159
0.00100014
0.001060257
0.001042344
0.001070172
0.0009259712
0.0009584907
0.001052259
0.001110849
0.001091005
0.000979209
0.000897388
0.0008744833
0.0008952541
0.0008975229
0.0009251605
0.0009603975
0.0009840273
0.0009807346
0.0009653063
0.0009293467
0.0009162959
0.000808899
0.0007429305
0.0007510612
0.0007910741
0.0008171892
0.000819274
0.0008301844
0.0008621885
0.0008413443
0.0008551498
0.0008125501
0.0007794159
0.000803047
0.0007764323
0.0007047587
0.0006410748
0.0006582858
0.0006386675
0.0006349952
0.0006403015
0.0006544302
0.0006524585
0.0006526462
0.0006719084
0.0008037325
0.0007640084
0.0007854587
0.0007427443
0.0008320024
0.0007626418
0.0008215156
0.0008180891
0.000903927
0.0008357601
0.000886971
0.0009496951
0.0009791362
0.0009970553
0.0009746505
0.00108277
0.001087285
0.001122648
0.00114432
0.00118713
0.001197544
0.001164994
0.001185398
0.001231089
0.001259517
0.001226354
0.001171139
0.001232688
0.001194358
0.001274659
0.001343344
0.001388613
0.001470471
0.001514272
0.001576425
0.00154434
0.001500213
0.001664571
0.001597148
0.001488461
0.001449421
0.001334833
0.001321071
0.001242979
0.001213664
0.00101731
0.0008706514
0.0009071725
0.0009346098
0.0008644447
0.0008199499
0.0008552276
0.0008513423
0.0009503254
0.0009732623
0.000972319
0.001044098
0.0009870284
0.001157101
0.001165638
0.001203276
0.001302793
0.001187951
0.001106865
0.001200063
0.001220836
0.001177209
0.001285705
0.001181404
0.001141331
0.001064013
0.001188736
0.001132303
0.001022706
0.0009849052
0.0009376815
0.0008891716
0.000889208
0.001015788
0.0009828969
0.0009221436
0.0009362743
