probIn scale
0.4835134 0.019695
0.4355664 0.01820981
0.4099837 0.01874107
0.4098668 0.0200621
0.413953 0.01914732
0.4416477 0.01929089
0.4366361 0.01978951
0.4480862 0.01983961
0.4784092 0.01970246
0.4477464 0.0190641
0.4458218 0.01933193
0.4297831 0.01872243
0.4255707 0.01884244
0.432365 0.01847926
0.3950321 0.01811181
0.401636 0.01773366
0.4137685 0.01744079
0.3919653 0.01720821
0.4135186 0.01733212
0.4315453 0.01755876
0.4126058 0.01702536
0.4088662 0.01732546
0.4093168 0.01708791
0.4026272 0.01728879
0.4085743 0.01684166
0.3434324 0.01711114
0.3658816 0.01676885
0.4043448 0.01654627
0.3939347 0.01670978
0.4184144 0.01645887
0.3684571 0.01648058
0.3866557 0.01605983
0.3308307 0.01603534
0.3403769 0.01601931
0.3114648 0.01567553
0.2971231 0.01506745
0.2727416 0.01565484
0.2759859 0.01516752
0.2639621 0.01525737
0.2745458 0.01533277
0.3039544 0.01588197
0.302296 0.01603155
0.3033254 0.01603918
0.2633975 0.01611167
0.2688181 0.01601584
0.2596117 0.01627129
0.2678273 0.0161122
0.2511058 0.01545355
0.2650586 0.01475869
0.2793495 0.01465105
0.2726047 0.01451067
0.2602264 0.01542162
0.2644079 0.01585318
0.2543452 0.01559683
0.2250879 0.01550731
0.2233349 0.01505105
0.2262236 0.01457596
0.2328396 0.01439573
0.2445688 0.01494866
0.2540903 0.01532994
0.2376336 0.01553398
0.2571053 0.01533563
0.2563076 0.01635195
0.2546092 0.0164618
0.263662 0.01638221
0.254953 0.01625155
0.2512586 0.01603076
0.2517599 0.01657218
0.230793 0.01668638
0.2335593 0.01664898
0.2147406 0.01633947
0.2279563 0.01665276
0.2510757 0.01642896
0.2344274 0.01611369
0.2019727 0.01632503
0.2054133 0.01679015
0.2199514 0.01716728
0.2094867 0.01813331
0.2091621 0.01853047
0.2033626 0.01788649
0.1903185 0.01770862
0.1794956 0.01767924
0.1730588 0.01760414
0.1779307 0.01748061
0.2034652 0.01750268
0.2081437 0.01791944
0.2001944 0.01802671
0.203252 0.0176225
0.2100046 0.01731661
0.199008 0.01695063
0.2098292 0.01721611
0.1887671 0.01701027
0.1727592 0.01764264
0.1893662 0.01786814
0.2335574 0.0183137
0.236433 0.01762405
0.2294863 0.01743887
0.2340488 0.0174605
0.2249071 0.01720262
0.2391542 0.01665339
0.2259913 0.01669135
0.218392 0.0167838
0.1957422 0.01686908
0.2120559 0.01620388
0.2303529 0.01640489
0.2286523 0.01708734
0.2284758 0.01781839
0.2203911 0.01834525
0.2155173 0.01831776
0.1966631 0.01870106
0.1766531 0.01953958
0.1621315 0.01920214
0.164093 0.01941088
0.1610658 0.01799378
0.1692744 0.01693162
0.1630879 0.01688518
0.1664815 0.01725249
0.148928 0.01683034
0.147779 0.01687812
0.1279998 0.01644129
0.1370229 0.01623238
0.143838 0.01651519
0.2055731 0.0167846
0.2228291 0.01685058
0.2371457 0.01702127
0.225839 0.0171228
0.2296497 0.01770261
0.2431936 0.0173302
0.2559293 0.01752185
0.2570225 0.01776411
0.2611469 0.01789406
0.26109 0.01721434
0.2564128 0.01706366
0.2375799 0.0168123
0.2566239 0.01703078
0.2406271 0.0173868
0.2369339 0.01808929
0.2208165 0.01798345
0.1983877 0.01765573
0.2088891 0.01753845
0.1873342 0.01790884
0.1753209 0.01666102
0.1766278 0.01648593
0.1682182 0.01572496
0.1769882 0.01550004
0.20683 0.01505007
0.2228816 0.01560791
0.2148201 0.01611724
0.2266919 0.01596434
0.1806039 0.01568221
0.1740519 0.01543859
0.1523334 0.01565416
0.1732944 0.01476406
0.1769766 0.01538084
0.2043817 0.01541942
0.2142094 0.0157534
0.2258521 0.01577309
0.211862 0.016104
0.2112725 0.01573249
0.2284493 0.0157626
0.2350274 0.01622514
0.2435327 0.01619273
0.2571755 0.01594787
0.2750723 0.01670824
0.2915593 0.01609889
0.2647193 0.01647781
0.2310964 0.01675558
0.2332916 0.01652363
0.2543254 0.0161414
0.2559735 0.01625335
0.2527028 0.01575288
0.2616136 0.01573979
0.2710059 0.01599778
0.2828838 0.01603449
0.2792675 0.01652722
0.2629356 0.01604421
0.2486268 0.01672751
0.2350908 0.01695751
0.2705901 0.01670831
0.2842806 0.01655013
0.3038245 0.01641039
0.2871538 0.01688
0.2576998 0.0163623
0.2775627 0.01633955
0.2597637 0.01668716
0.2443228 0.01715549
0.2562343 0.0160807
0.2519754 0.01666345
0.2531841 0.01726088
0.2824071 0.01709742
0.3103288 0.01700154
0.2903156 0.01725786
0.2410291 0.01754289
0.2487189 0.01746216
0.2195959 0.01721327
0.2015611 0.01687376
0.2163011 0.01827517
0.2162525 0.01817772
0.1796949 0.01975452
0.1967089 0.01996831
0.2150661 0.02017666
0.209657 0.0212384
0.2348831 0.02114586
0.2341542 0.02084001
0.2314811 0.02092829
0.2420337 0.02087466
0.2423942 0.02039085
0.2347807 0.02050978
0.2362208 0.02021895
0.2539956 0.0199122
0.2600747 0.01966807
0.2864703 0.01874543
0.2498385 0.01797559
0.2712468 0.01797589
0.2685743 0.01792213
0.2809984 0.01881245
0.2734677 0.01871584
0.2882128 0.01839483
0.2707599 0.01854169
0.2641508 0.01751028
0.2480125 0.01657295
0.2487641 0.01660862
0.2531959 0.01636819
0.3079087 0.01629892
0.3450354 0.01658402
0.3302483 0.01618043
0.3244461 0.01592798
0.3481895 0.01630262
0.3694261 0.01608368
0.3685759 0.0159565
0.3826693 0.01584145
0.389922 0.01626199
0.390879 0.01576554
0.3460266 0.01583058
0.373849 0.01617311
0.3735697 0.01640591
0.4085938 0.01594584
0.4401763 0.01615691
0.4643851 0.0161768
0.4448319 0.0166139
0.4412277 0.01731059
0.4383593 0.01684732
0.4514605 0.01693587
0.4048458 0.01712077
0.393044 0.01657091
0.4420513 0.01688591
0.4801253 0.01723043
0.5057473 0.01704338
0.5183651 0.01678568
0.5330424 0.01713891
0.5229514 0.01658942
0.5081286 0.0171303
0.5439107 0.01690102
0.5491585 0.0170494
0.5460303 0.01751229
0.5308515 0.01850483
0.5112688 0.01842629
0.4818422 0.01864518
0.4340034 0.01943777
0.432196 0.01905979
0.4429304 0.01883478
0.4526559 0.01887145
0.44543 0.01868388
0.4072229 0.01828538
0.4070764 0.01862114
0.4006571 0.01909244
0.3799178 0.01892758
0.3581698 0.02019669
0.354172 0.01963035
0.333923 0.01919671
0.3454816 0.01873756
0.3384963 0.01882546
0.3366524 0.01925104
0.3075455 0.01907338
0.3130315 0.01880423
0.3025375 0.01958085
0.320344 0.0208984
0.3536195 0.02102471
0.3411279 0.0216586
0.287966 0.021372
0.2871906 0.02018552
0.2527572 0.02052751
0.2645423 0.01983254
0.2504295 0.01989615
0.2248276 0.02016187
0.2202736 0.01912992
0.2565048 0.01960326
0.2555164 0.02046053
0.2392154 0.01937161
0.2246316 0.01911381
0.1998599 0.01953648
0.1920941 0.0188293
0.1797718 0.01962087
0.1796099 0.02001279
0.1542623 0.0203662
0.16656 0.02088967
0.1524593 0.02055833
0.1334469 0.02157063
0.1578863 0.02190256
0.1581453 0.02237627
0.1545755 0.02277765
0.186643 0.0229474
0.2066221 0.02320828
0.1906613 0.02342762
0.2118257 0.02351739
0.1941099 0.0233707
0.2138983 0.02316279
0.2141754 0.02369405
0.1917511 0.02370506
0.1916842 0.02422427
0.1894743 0.02364596
0.1567073 0.02413332
0.1386771 0.02408655
0.1237881 0.02446008
0.1530317 0.02546868
0.1379326 0.02478174
0.1478519 0.02523677
0.1555841 0.0249039
0.1662664 0.0247658
0.1565121 0.02448811
0.1331034 0.02422109
0.1429784 0.02386313
0.1569616 0.02329897
0.1427403 0.02285415
0.1455675 0.02224631
0.1458455 0.02230698
0.1541294 0.02217755
0.1546272 0.02233091
0.1344013 0.02302007
0.1252134 0.02350943
0.0960557 0.02425244
0.09394505 0.02468522
0.1079997 0.02485628
0.1216912 0.02508155
0.1099424 0.02405119
0.1236286 0.02413627
0.1179183 0.02552147
0.1191758 0.02572616
0.1596072 0.0262679
0.1874907 0.0250892
0.2133902 0.02500476
0.1645646 0.02485033
0.1546794 0.02538199
0.1428241 0.02644045
0.1580165 0.02663074
0.1530752 0.02795475
0.1546854 0.02805519
0.1263279 0.02713471
0.1139945 0.0281605
0.1122586 0.0287899
0.1291939 0.02921492
0.1190993 0.02910102
0.1249941 0.02851609
0.1451121 0.02838112
0.1710757 0.0278417
0.1488731 0.02812556
0.1357077 0.02851115
0.1035781 0.02785536
0.1189935 0.0280318
0.1324131 0.02807191
0.1493431 0.02758578
0.1434547 0.02755376
0.1928672 0.02702379
0.17148 0.0268058
0.1727117 0.02710322
0.1570328 0.02689133
0.1752287 0.02738659
0.1647603 0.02803435
0.1555435 0.02732112
0.1586827 0.02669374
0.1453101 0.02654125
0.1522735 0.02595481
0.1640217 0.02559929
0.1623557 0.02521422
0.186196 0.02511828
0.1937018 0.02559497
0.1920071 0.02512916
0.173533 0.0258639
0.1775855 0.02609041
0.1806785 0.02519653
0.1788315 0.0255391
0.2095636 0.02601071
0.201451 0.02589114
0.1778639 0.02671015
0.200255 0.02662185
0.2023185 0.02729502
0.2120441 0.02726198
0.2322526 0.02834135
0.2211553 0.02902171
0.2328369 0.02836741
0.2217519 0.02846556
0.2329714 0.0285738
0.2230654 0.02927428
0.2224014 0.02908917
0.2553113 0.02878803
0.261683 0.02825612
0.2565072 0.02882485
0.2793235 0.02973538
0.2806939 0.0292219
0.2647684 0.02938531
0.2354892 0.02951274
0.2443848 0.03021624
0.226807 0.03067564
0.2190434 0.02956809
0.1956554 0.0284667
0.2250942 0.02758493
0.2593447 0.02775069
0.2575509 0.02802115
0.2536409 0.02947879
0.2265652 0.02960275
0.2384581 0.02922921
0.2375569 0.02949649
0.2288179 0.02814966
0.2055476 0.02821423
0.2022061 0.02709398
0.1959003 0.02624304
0.206215 0.02630766
0.2097354 0.02647675
0.178413 0.0255956
0.1757468 0.02723197
0.1761361 0.02776135
0.1375153 0.02756148
0.1224799 0.02852803
0.1471847 0.02896575
0.1748319 0.02882221
0.1707866 0.02860263
0.1906399 0.02781708
0.1659349 0.02832779
0.1572699 0.02904032
0.1675931 0.02947285
0.1594047 0.02936158
0.172029 0.02943602
0.1690053 0.02877119
0.1572034 0.02855651
0.1423022 0.02892946
0.1298506 0.02981134
0.1442302 0.03090369
0.1546124 0.02982705
0.1570301 0.03027924
0.1343364 0.03083055
0.1559853 0.03074566
0.1380047 0.03107778
0.1228164 0.03148615
0.120378 0.0318217
0.1258659 0.03194127
0.1192947 0.03315211
0.1404963 0.03232539
0.1246113 0.03333481
0.1313407 0.03426123
0.1480509 0.03416531
0.1389952 0.03387969
0.1328929 0.0334831
0.1295408 0.03299768
0.1295051 0.03362204
0.1236945 0.03349757
0.1285244 0.03446674
0.1246064 0.03419343
0.1219893 0.03297537
0.1255435 0.03311866
0.1451371 0.03216458
0.1446321 0.03171231
0.1364387 0.03312125
0.1383224 0.03268903
0.1378173 0.03145119
0.1424968 0.0301689
0.1408958 0.03021164
0.1130728 0.03050421
0.1090606 0.03106817
0.1346102 0.03072175
0.1616003 0.02965384
0.1533763 0.02968334
0.1519036 0.02935317
0.1367659 0.02912164
0.1532688 0.02973074
0.1545432 0.03068328
0.1460271 0.03075125
0.1359303 0.0307779
0.1362936 0.0309943
0.1663473 0.03035079
0.163011 0.03006686
0.1570139 0.0294587
0.1480703 0.02766557
0.1453399 0.02665831
0.1534182 0.02567042
0.1532998 0.02587209
0.1488011 0.02631279
0.159396 0.02658169
0.1651078 0.02572892
0.1720499 0.02505672
0.1885251 0.02542209
0.1962926 0.02469589
0.1733839 0.02360231
0.2087386 0.02344972
0.2099665 0.02265779
0.2218061 0.022957
0.2171798 0.02307941
0.2097794 0.02302088
0.2251354 0.02300929
0.2151779 0.02400505
0.1929521 0.02325201
0.2112643 0.02402964
0.2032363 0.0247847
0.2018253 0.02486196
0.1851074 0.02342201
0.1680779 0.02348352
0.1727203 0.022762
0.1592104 0.02146074
0.1896493 0.02181688
0.229767 0.02118584
0.2287702 0.02108006
0.1942512 0.02052853
0.2005667 0.02051478
0.1724404 0.0210093
0.1794101 0.02122291
0.1925163 0.02128328
0.223335 0.021856
0.2175707 0.02256506
0.1873543 0.02231603
0.1597152 0.02334887
0.183336 0.02274961
0.1780917 0.02288699
0.171984 0.02285996
0.1556056 0.02309281
0.1238752 0.02407452
0.149658 0.02285679
0.1414351 0.02354875
0.1239559 0.02316421
0.1329908 0.02297843
0.1176835 0.02297777
0.1357607 0.02146976
0.1350675 0.0209917
0.1399479 0.02105607
0.1640143 0.02047523
0.1548877 0.02054665
0.178387 0.02046931
0.1801886 0.02116499
0.1768501 0.02077479
0.2028838 0.0218371
0.2378227 0.02207453
0.1969162 0.02223917
0.1530353 0.02191856
0.1542947 0.02287554
0.1399295 0.0232143
0.1656749 0.02270768
0.1572454 0.02199528
0.1582146 0.02174166
0.1488542 0.02199133
0.1328972 0.02103937
0.1263697 0.02071614
0.1398223 0.02019389
0.1601985 0.02014053
0.1495906 0.01985155
0.1784451 0.01989588
0.1816242 0.01938207
0.1816727 0.01904226
0.1709817 0.01951485
0.1929412 0.01937552
0.185603 0.01957275
0.1741533 0.01874006
0.1888986 0.01936689
0.2275841 0.01925179
0.2312374 0.0192979
0.191353 0.01937816
0.1876345 0.01954224
0.1800004 0.01942991
0.1657764 0.02035969
0.1508618 0.02111374
0.1667409 0.0207321
0.1651989 0.02086611
0.1655743 0.02126175
0.1644196 0.021437
0.1744958 0.02120089
0.162218 0.02158664
0.180019 0.0221312
0.2002229 0.02251714
0.2001875 0.02324309
0.1932134 0.02271311
0.1996167 0.02322883
0.2033336 0.02415432
0.1949092 0.02440823
0.1915622 0.02292835
0.1966179 0.02250238
0.2145879 0.0224802
0.2018042 0.02133233
0.2266084 0.02068858
0.1839347 0.02093625
0.1641045 0.02127146
0.1550877 0.02132147
0.1474662 0.02237612
0.1696249 0.02206843
0.1655455 0.02140123
0.1738529 0.02210284
0.1893295 0.02232832
0.1739496 0.02191221
0.1686457 0.02091709
0.1464949 0.02103324
0.1510898 0.0215168
0.1548711 0.02088872
0.1578867 0.02006495
0.1761802 0.01972059
0.2071724 0.01971735
0.1839995 0.0200478
0.1609207 0.01949829
0.1663264 0.02009705
0.1760487 0.02096781
0.1823856 0.02090259
0.1896215 0.02072574
0.180686 0.02089152
0.1616635 0.02092782
0.1481626 0.02065389
0.126033 0.02047285
0.1321542 0.02079111
0.1296866 0.02070886
0.1526618 0.0205364
0.1557511 0.01903434
0.1574277 0.0182114
0.1581664 0.0198007
0.1587876 0.01972559
0.149099 0.02018908
0.1636922 0.01844231
0.2108609 0.01873421
0.1986473 0.01815481
0.1832948 0.01834607
0.1838394 0.01872212
0.1770092 0.01812969
0.2265633 0.01788279
0.2535109 0.01827831
0.2627248 0.018103
0.246605 0.01769437
0.215627 0.01829015
0.2226172 0.01804269
0.2212787 0.0179129
0.2170902 0.01805837
0.2298176 0.01891953
0.2283653 0.01916833
0.2292883 0.01959044
0.2190357 0.01840525
0.2056631 0.01872988
0.226986 0.01965499
0.215072 0.01986846
0.2154699 0.02006839
0.2134045 0.02049254
0.2271445 0.01980089
0.2364244 0.02013196
0.2434834 0.02039614
0.2054147 0.01998076
0.1880669 0.01940112
0.1955249 0.01864329
0.1834143 0.01837442
0.1995398 0.01822857
0.2097982 0.01778657
0.2133639 0.01784247
0.2032737 0.01841343
0.2011481 0.01856431
0.1896474 0.01925177
0.1773963 0.0192449
0.1725599 0.01873358
0.164053 0.01856448
0.1560464 0.01803015
0.1353933 0.01791187
0.1445743 0.01784314
0.1068144 0.01774343
0.1098013 0.01812607
0.1192382 0.01754682
0.1402068 0.01778619
0.1563266 0.01808149
0.1247465 0.01771659
0.1086377 0.0183564
0.1012325 0.01798323
0.1158809 0.01744728
0.1187119 0.01753507
0.1160822 0.01723414
0.1116036 0.01609244
0.09727368 0.01601204
0.09477675 0.01632517
0.08930521 0.01561371
0.08135633 0.01558481
0.1014625 0.01606284
0.1066817 0.01604042
0.1185247 0.01657474
0.1319091 0.01676038
0.1276061 0.0168909
0.1107685 0.01638782
0.1050748 0.01670567
0.1216454 0.01604161
0.112566 0.01596905
0.1446269 0.01594286
0.1523134 0.01638913
0.1506847 0.01707021
0.1561985 0.01706733
0.1536686 0.01654791
0.1381088 0.01692759
0.1267148 0.01677678
0.130225 0.01635915
0.1413373 0.01638077
0.1599832 0.01644418
0.1430875 0.01720951
0.167146 0.01636056
0.1601571 0.01627012
0.1566645 0.01647595
0.1432772 0.01631482
0.1691416 0.01612955
0.168852 0.01615325
0.1793756 0.01629389
0.191112 0.01611003
0.2148905 0.01607439
0.2072878 0.01619777
0.2446298 0.01624051
0.248137 0.01650111
0.2873829 0.0159335
0.2770463 0.01569009
0.2823372 0.01567301
0.2769585 0.01526006
0.2723331 0.01523707
0.2878791 0.01449917
0.3020989 0.0142604
0.3326608 0.01489735
0.3179751 0.01474719
0.3206303 0.0147878
0.3701344 0.01523562
0.3621587 0.01474183
0.3680561 0.01469329
0.3541756 0.01479901
0.3918016 0.01449125
0.3597342 0.01422111
0.3677225 0.01457858
0.3818254 0.01489065
0.3775356 0.0149763
0.3647373 0.0148197
0.3371388 0.0142468
0.33657 0.01428039
0.3711401 0.01497294
0.3855789 0.01484938
0.3809084 0.01461837
0.3844951 0.01461724
0.422212 0.01519727
0.4299811 0.01476498
0.4090408 0.01428769
0.4051244 0.01504925
0.4134258 0.01507796
0.4303956 0.01503793
0.3990226 0.01469952
0.404909 0.01445677
0.3716882 0.01447421
0.3346921 0.01520109
0.3443374 0.01441585
0.3727634 0.01425439
0.354968 0.01422453
0.3670422 0.01429459
0.3774733 0.01413813
0.3685185 0.01331548
0.4003902 0.01346434
0.4307552 0.01313734
0.3890949 0.0131733
0.4043904 0.01300054
0.4013043 0.01311084
0.3715713 0.01299413
0.3705426 0.01348629
0.3952368 0.01354102
0.3916885 0.01306694
0.394287 0.01309774
0.3917731 0.01249044
0.4144344 0.01253703
0.4292746 0.0126258
0.4027021 0.01284657
0.3526493 0.01261707
0.3250082 0.0120533
0.3179811 0.0124464
0.3065295 0.01246084
0.3041767 0.01197077
0.321377 0.01153247
0.3361844 0.01120623
0.2905546 0.0115965
0.288608 0.01222827
0.2723696 0.01209694
0.300534 0.01222711
0.3134316 0.01226346
0.3260825 0.01197236
0.3128189 0.0124969
0.3028439 0.01225505
0.3253204 0.01227421
0.3295709 0.01179902
0.3429926 0.01204879
0.3610639 0.01212874
0.3624022 0.01204128
0.3612062 0.01191395
0.3634021 0.0117528
0.3731129 0.0111386
0.3631397 0.0112619
0.3311464 0.01173941
0.3609228 0.01171429
0.3449036 0.01196542
0.3682795 0.01184739
0.3876439 0.01202757
0.3965792 0.01206894
0.3842384 0.01144235
0.3731603 0.01081095
0.4030775 0.01085582
0.4246707 0.01082129
0.4486793 0.01136244
0.3944153 0.0106612
0.4191968 0.01115982
0.3922915 0.01122538
0.3850851 0.01142898
0.383538 0.0107913
0.4226142 0.01013403
0.4257434 0.01021565
0.4470636 0.009984763
0.4760402 0.01018868
0.4931699 0.01032258
0.4931172 0.01045353
0.4812377 0.01013203
0.5036223 0.009801313
0.511709 0.009539403
0.4759127 0.009521117
0.4462294 0.00956245
0.4090709 0.01017984
0.4297673 0.01029024
0.432214 0.01074134
0.4571799 0.01076825
0.4104153 0.01157241
0.4515498 0.01186013
0.4587251 0.0119167
0.4329667 0.01147332
0.4225138 0.01148593
0.4346594 0.01162338
0.4444191 0.0115765
0.4604245 0.01108517
0.3938643 0.01128934
0.4168357 0.01103615
0.4134137 0.01091212
0.3826908 0.01113305
0.387886 0.01126291
0.4365571 0.01119454
0.4285661 0.0112313
0.4384073 0.01057148
0.4005888 0.01038781
0.4100233 0.0103059
0.4285753 0.01028763
0.4436631 0.01059447
0.4489232 0.01084509
0.4342786 0.01072042
0.4409941 0.01067882
0.4449486 0.01101524
0.4647672 0.01129825
0.4542607 0.01103158
0.4222961 0.0108201
0.4091788 0.01104916
0.392614 0.01113424
0.3673748 0.01095465
0.3622242 0.01098252
0.3652837 0.01133028
0.3801272 0.01159395
0.4059452 0.01190252
0.4233277 0.01148711
0.4285611 0.01143559
0.399863 0.01112682
0.3584231 0.01158033
0.3472444 0.01155122
0.3349767 0.01181179
0.3423906 0.01157386
0.3771803 0.01142076
0.3589845 0.0111296
0.3456841 0.01092427
0.3381446 0.01110632
0.302994 0.01061944
0.3196062 0.01040513
0.3101086 0.01047198
0.3149093 0.01047643
0.2974387 0.01006692
0.3031672 0.00995326
0.3152728 0.01008175
0.3228091 0.01029347
0.3616271 0.01015212
0.3572408 0.009960705
0.3845569 0.01027827
0.4178496 0.01035351
0.4114553 0.01044851
0.4088591 0.01051498
0.3897676 0.01043848
0.3799332 0.01017852
0.312717 0.01028765
0.3322339 0.009971479
0.3336798 0.009854988
0.3809407 0.009935583
0.3910002 0.01033831
0.3783977 0.0100575
0.3450281 0.009908251
0.3628324 0.01006892
0.3407697 0.009908007
0.3394528 0.009843218
0.3347298 0.009334574
0.3623016 0.009617762
0.377862 0.009880074
0.377725 0.01010301
0.3634583 0.01016153
0.3989894 0.009991805
0.4123316 0.009655284
0.4111935 0.009917714
0.4010538 0.009799751
0.3926574 0.009851672
0.4162422 0.01033018
0.4028326 0.01052794
0.4130799 0.01068801
0.4566313 0.01089606
0.4965885 0.01041947
0.4709793 0.01049917
0.4666053 0.009922981
0.4504421 0.00954814
0.45457 0.009347688
0.4637944 0.009430877
0.4522488 0.00919763
0.4425058 0.008906812
0.4069963 0.008644688
0.3831471 0.008974558
0.3980536 0.008973467
0.3964366 0.00900677
0.3721403 0.009568817
0.3552807 0.0100882
0.3568276 0.01051095
0.3352503 0.01099616
0.3410571 0.01103985
0.2933334 0.01165156
0.312845 0.01197966
0.316069 0.01171394
0.3457829 0.01146482
0.3622667 0.01138333
0.3286532 0.01128107
0.3741132 0.0111144
0.3448886 0.01146746
0.3342878 0.01212483
0.3292622 0.01221212
0.3499552 0.01201651
0.3325982 0.0117982
0.3347744 0.01128712
0.2974272 0.01140937
0.3004653 0.01120414
0.2988931 0.01068685
0.3097614 0.01038738
0.2882827 0.0101335
0.2784858 0.0101209
0.2977085 0.0107108
0.2953616 0.01089477
0.3245282 0.01053108
0.3446151 0.01064632
0.3573787 0.01068478
0.3775867 0.01115706
0.3472516 0.01117597
0.3199058 0.01090807
0.3112171 0.01039418
0.2806581 0.01004476
0.2931008 0.009881475
0.2414048 0.009626138
0.2566092 0.009492758
0.2486125 0.00897288
0.2307503 0.008935846
0.2365563 0.009294495
0.2316523 0.009236466
0.2499835 0.009415918
0.2584507 0.008813528
0.2692137 0.008694005
0.3066248 0.008781823
0.3169564 0.008689273
0.3300768 0.008653442
0.2805375 0.008504026
0.2841928 0.008524111
0.3002295 0.00823424
0.2965312 0.008121104
0.2857182 0.008048322
0.28235 0.008473818
0.2471885 0.008478398
0.2524911 0.008717675
0.2625663 0.008452243
0.2415894 0.008416802
0.2446971 0.008676184
0.2785214 0.008651113
0.2947679 0.008706811
0.3108298 0.008434253
0.3063415 0.008545961
0.2920087 0.008346289
0.2800957 0.008478121
0.2839771 0.008769339
0.3221284 0.008761784
0.3213335 0.008528794
0.3416411 0.008249021
0.3075776 0.007926675
0.3434545 0.008175434
0.3213465 0.00819669
0.3168583 0.007900719
0.3585231 0.007843701
0.3812956 0.00763962
0.3536876 0.007636907
0.3245027 0.007562139
0.3330181 0.007826368
0.3234796 0.007618599
0.2920496 0.007197725
0.2982555 0.007435541
0.3024427 0.007264948
0.3201986 0.007396813
0.3535607 0.007209702
0.3552527 0.007083031
0.3657098 0.00675485
0.3580389 0.006717031
0.3817363 0.006809269
0.357167 0.006718766
0.3682613 0.006557561
0.358692 0.007020748
0.3341897 0.007140062
0.3321603 0.006819911
0.3280901 0.006726357
0.3508798 0.006630814
0.3725596 0.006694064
0.3809638 0.00693935
0.3877922 0.007007692
0.3383315 0.007122636
0.3408324 0.007036366
0.3291156 0.006944973
0.3425129 0.007030763
0.3366811 0.00728882
0.300975 0.007120014
0.2829639 0.007138815
0.2803594 0.006896371
0.3151167 0.007078478
0.3033493 0.00730845
0.2949181 0.007310468
0.2955171 0.007391022
0.2687562 0.007243187
0.2884856 0.007366577
0.2924456 0.007349773
0.2930635 0.007386238
0.3168331 0.007160281
0.3175003 0.007113483
0.3044786 0.00748731
0.3209587 0.007374912
0.3085732 0.007176159
0.2794849 0.007046652
0.3037275 0.007104813
0.3220145 0.006939138
0.3081249 0.006942545
0.3119182 0.006620682
0.3125613 0.006698448
0.3328446 0.006950454
0.301986 0.006664753
0.3065151 0.006830906
0.3032211 0.006936317
0.2753084 0.006775658
0.2550346 0.007047147
0.2725533 0.006917665
0.2750087 0.00678185
0.2595819 0.00709034
0.2834882 0.007389762
0.2807584 0.00724967
0.2809627 0.007326928
0.269577 0.007121731
0.2833646 0.006915791
0.3071908 0.007158441
0.3003717 0.007094179
0.2608398 0.007047617
0.3126496 0.007079907
0.3111954 0.007071128
0.2585459 0.007009101
0.2783449 0.006980962
0.2687749 0.007102803
0.2924039 0.006638193
0.3076092 0.006643355
0.2894328 0.006434162
0.3011355 0.006520782
0.3130194 0.006637938
0.2976321 0.006515618
0.2895464 0.006622979
0.2727322 0.006811665
0.2608187 0.006500831
0.26585 0.006545152
0.2492691 0.006871567
0.2770781 0.007112486
0.2827818 0.007422643
0.2875219 0.007325739
0.2833333 0.007238751
0.3055098 0.007456529
0.3211739 0.007106991
0.3152392 0.007035667
0.2826308 0.007087408
0.298424 0.007271259
0.3015721 0.007303799
0.3148662 0.007126858
0.2953364 0.00732786
0.3011522 0.007319459
0.3354763 0.00758034
0.3224133 0.007766611
0.304208 0.00813615
0.3068193 0.008189204
0.3051614 0.008023283
0.2867344 0.007900796
0.2577656 0.007819275
0.2527536 0.007744103
0.243197 0.007388969
0.223084 0.007482634
0.2497468 0.007837206
0.2856538 0.007986437
0.2771835 0.008092911
0.2998531 0.008434385
0.3016666 0.008581159
0.3135931 0.008749649
0.332088 0.008718205
0.3442045 0.008435916
0.3526911 0.008208426
0.3207134 0.008314136
0.3225924 0.008537152
0.3236338 0.008803435
0.3565892 0.008727315
0.3464417 0.008854028
0.3471458 0.008719957
0.3614723 0.008594582
0.3837812 0.008884652
0.3647567 0.008659367
0.384831 0.008885489
0.3724472 0.009093787
0.3750924 0.009067989
0.4092939 0.008928841
0.3899162 0.008702729
0.40956 0.008738561
0.4025023 0.008598218
0.4037426 0.008583698
0.436607 0.008878276
0.406619 0.008955139
0.4105008 0.008549841
0.4199741 0.008463735
0.4176783 0.008541684
0.4017586 0.008393955
0.3787709 0.008207852
0.3715441 0.008174401
0.4040071 0.008418615
0.3721452 0.008470849
0.3554353 0.008528352
0.3586555 0.008240738
0.3823106 0.00817027
0.432215 0.00859839
0.4051225 0.008495241
0.4181051 0.00836774
0.4189326 0.008811144
0.4360556 0.008997266
0.4252313 0.009320534
0.4318235 0.009487638
0.410406 0.009680722
0.4159828 0.009910898
0.392885 0.009436919
0.3836981 0.009597601
0.3635649 0.009797909
0.3572395 0.01003724
0.3616995 0.0101442
0.3996232 0.01049461
0.3767449 0.01060906
0.3416378 0.01078171
0.3241187 0.01071326
0.2946517 0.01101325
0.2820791 0.0108204
0.2708596 0.01148146
0.240742 0.01153648
0.2649656 0.01192896
0.2433891 0.01237037
0.2529359 0.01269913
0.2593405 0.01269409
0.2798951 0.01276012
0.2514115 0.01270046
0.2281449 0.01293207
0.2355879 0.01249003
0.2649007 0.01312515
0.2761559 0.01319764
0.273495 0.01272371
0.2932184 0.01248243
0.285394 0.01201702
0.2851917 0.01161451
0.30016 0.01143012
0.3209631 0.01133287
0.3256276 0.01157108
0.3028446 0.01146413
0.3089431 0.01094679
0.2774857 0.01108125
0.3249197 0.01132328
0.3018002 0.01150792
0.287758 0.01190115
0.3076282 0.01215689
0.310232 0.01229375
0.3341887 0.01256363
0.3628975 0.01231704
0.3653021 0.01214687
0.3576714 0.01202948
0.3490904 0.01224009
0.3873486 0.01231965
0.3920533 0.01207242
0.36789 0.01257427
0.4056657 0.01269494
0.4403254 0.01262562
0.416802 0.01225401
0.416818 0.01255075
0.3900529 0.01289242
0.3880257 0.01252324
0.4399584 0.01281858
0.4397496 0.01247073
0.4108831 0.01214962
0.448462 0.01223327
0.4574792 0.01221727
0.4500362 0.01198615
0.4641021 0.01191967
0.4675551 0.01166306
0.4778056 0.01184157
0.4434157 0.0116148
0.4317653 0.01143718
0.4565111 0.01138136
0.4350593 0.01132624
0.4416037 0.01185079
0.414625 0.01208818
0.4012825 0.01189305
0.4020076 0.01221949
0.4035851 0.01235793
0.4207181 0.01253739
0.4222926 0.01294504
0.3916485 0.01303543
0.4074775 0.01256599
0.4259049 0.01228557
0.4569023 0.01247665
0.4776018 0.01203546
0.4984724 0.01200839
0.5106128 0.01205318
0.4985412 0.0115851
0.479866 0.01151376
0.5031203 0.01194865
0.4873123 0.01176698
0.5019 0.01098573
0.4842226 0.01098742
0.4601277 0.01119476
0.4891953 0.01093093
0.5072178 0.01075911
0.4534939 0.01070926
0.4345063 0.01100967
0.4286216 0.01066318
0.4281563 0.01048382
0.4261403 0.01058796
0.4559764 0.01061577
0.4402113 0.01080304
0.432636 0.01055339
0.4584545 0.01016768
0.4106268 0.01053608
0.4230371 0.009936641
0.4620064 0.009586184
0.4933632 0.009815932
0.4847477 0.009580901
0.4750687 0.009724107
0.4932714 0.009714755
0.4909028 0.009921433
0.4683624 0.01022054
0.4769395 0.01035687
0.4562395 0.01008216
0.468469 0.01016089
0.4771783 0.01050903
0.4756539 0.01028576
0.5057676 0.009999281
0.4875819 0.009867953
0.4989479 0.009806082
0.5012775 0.009668241
0.4885986 0.009749859
0.480603 0.01044122
0.460615 0.01037197
0.4239698 0.01029411
0.4490076 0.01064354
0.4573693 0.01052515
0.4619157 0.01029487
0.4324271 0.01007721
0.4236437 0.01036594
0.4325989 0.01046387
0.4239229 0.01058062
0.3799424 0.0108685
0.4105936 0.01069126
0.4110533 0.01072795
0.3977059 0.01063264
0.422327 0.01056229
0.4341464 0.01059827
0.4439289 0.01085139
0.4605484 0.0111192
0.4227564 0.01122404
0.4023061 0.01082655
0.4138036 0.0111406
0.4377318 0.01076156
0.471562 0.01107232
0.4760798 0.01116505
0.4884274 0.01162725
0.5250417 0.01134834
0.4974816 0.01148624
0.4988861 0.01201343
0.5379536 0.01181913
0.5268098 0.01167249
0.516724 0.01167019
0.4912285 0.01155585
0.4728672 0.01179603
0.4495402 0.01201481
0.4589981 0.01198242
0.4685681 0.01143563
0.4908969 0.01193892
0.5442069 0.01201443
0.5444228 0.01214582
0.5312263 0.01223833
0.5197144 0.0120868
0.4660134 0.0117655
0.4712013 0.01179531
0.4858562 0.0116859
0.4796587 0.01087457
0.4986124 0.01069429
0.4720201 0.01058783
0.4718461 0.01055937
0.4573527 0.01043129
0.421817 0.01049603
0.4340079 0.01073811
0.4074866 0.01070772
0.3867686 0.01105261
0.4228706 0.01143379
0.4203432 0.01099142
0.4560295 0.01042414
0.4580159 0.01032907
0.434707 0.0102836
0.4555023 0.01018467
0.4603636 0.01022826
0.4766758 0.01003512
0.4856904 0.009823573
0.4938266 0.009795799
0.5428901 0.009751339
0.5397683 0.009477779
0.5454976 0.009510667
0.5631756 0.009894597
0.5556729 0.009618689
0.5584591 0.009408996
0.5732622 0.009090998
0.5477601 0.009381686
0.5806365 0.009309429
0.5658848 0.009581942
0.5751246 0.009699932
0.5911987 0.009604953
0.6037199 0.009491104
0.5717581 0.009543985
0.5461338 0.009735042
0.5474027 0.009907917
0.5308278 0.009853964
0.5214962 0.009833688
0.4956507 0.009821051
0.49636 0.009391379
0.5098493 0.009462699
0.5114738 0.009431034
0.5131165 0.009587081
0.4497496 0.009845615
0.4798695 0.009606789
0.484731 0.009507615
0.4539294 0.009608441
0.4167639 0.009215606
0.4670746 0.0087151
0.4518192 0.008525137
0.4456753 0.008098453
0.4628889 0.008144484
0.4589841 0.008131884
0.4869967 0.007930341
0.4725785 0.008026662
0.5033878 0.008660791
0.5154875 0.008726556
0.5217742 0.008625046
0.5408379 0.008545343
0.5260635 0.008572866
0.5195931 0.008538314
0.5322573 0.008406069
0.5486282 0.008419279
0.5229265 0.008665512
0.5043904 0.009065982
0.5633144 0.009088305
0.6025968 0.008721279
0.561257 0.008923331
0.5200319 0.008951852
0.5168881 0.008793483
0.5343712 0.00941323
0.5290956 0.009525436
0.4996605 0.009557409
0.4876787 0.009340534
0.4936596 0.009433598
0.502852 0.009524214
0.4888502 0.009891802
0.4996531 0.01030848
0.4833554 0.01012286
0.5048031 0.009989373
0.5017681 0.0101379
0.4927398 0.01056028
0.485821 0.01080827
0.4614678 0.01058686
0.4579218 0.01044344
0.4530254 0.01035027
0.4559197 0.01016834
0.4718495 0.0103783
0.4718792 0.01041287
0.4704615 0.0102329
0.4529271 0.01002447
0.4354482 0.01005744
0.4413128 0.01020292
0.4538662 0.01039527
0.4821373 0.01072885
0.4833918 0.01065031
0.4847395 0.01058141
0.5094918 0.01075751
0.5257752 0.01083586
0.5700295 0.01092136
0.5804734 0.01078052
0.5891924 0.01049873
0.5757508 0.0109105
0.5238506 0.01076074
0.5459871 0.01007393
0.5555277 0.009898549
0.5571479 0.00950418
0.5892798 0.009099937
0.6049286 0.009466586
0.6025044 0.009541637
0.616884 0.009843712
0.6193625 0.01005107
0.6097912 0.009300118
0.596468 0.009337168
0.6086367 0.00936644
0.5777945 0.009295767
0.5875812 0.009675848
0.5720298 0.009852724
0.5482546 0.009811973
0.5494216 0.01011613
0.5379079 0.00993874
0.5452138 0.009937801
0.5557245 0.009657872
0.5397565 0.009461506
0.5588486 0.009316295
0.5229576 0.00920635
0.5102017 0.009360167
0.5099916 0.009639081
0.4830969 0.01019202
0.4630215 0.01003765
0.4530533 0.009924346
0.4446515 0.0100337
0.4203194 0.01010653
0.4227732 0.009966576
0.4403236 0.01011527
0.4380804 0.009918712
0.4713691 0.0100641
0.4852506 0.009855578
0.4725901 0.009703909
0.4618229 0.009631467
0.4641299 0.008972869
0.4763628 0.009252861
0.4915198 0.009311837
0.4862041 0.009457156
0.5062385 0.009578124
0.4815144 0.009067502
0.4820256 0.009473846
0.4550816 0.009171986
0.4494164 0.009077599
0.4389695 0.009115296
0.4399248 0.009177075
0.4942404 0.009020873
0.511535 0.009356211
0.5263744 0.009758225
0.5080844 0.009504168
0.5152845 0.009551566
0.4828287 0.009583363
0.4940202 0.009672809
0.4673732 0.01009036
0.4571757 0.009896245
0.4448471 0.01017016
0.4441403 0.01008863
0.4615196 0.009758746
0.4655971 0.009898375
0.4644826 0.009522521
0.4621222 0.009278946
0.4456427 0.00901285
0.4297352 0.008846764
0.4244722 0.008824899
0.4202811 0.008813923
0.4245126 0.00884735
0.4259076 0.008854801
0.4183599 0.008622688
0.3905079 0.00881748
0.3781543 0.008766043
0.3900176 0.008486748
0.4347778 0.008315566
0.4330786 0.008469789
0.4442327 0.008565868
0.4360417 0.008580297
0.477837 0.008738224
0.4449384 0.008660794
0.4589357 0.00855118
0.4347041 0.008838093
0.4145531 0.009025491
0.3548065 0.008796225
0.3753435 0.00905497
0.3899425 0.008569165
0.3654242 0.0086056
0.3557519 0.009082753
0.3894704 0.008666154
0.3727574 0.00923825
0.3863341 0.009341085
0.3611061 0.009204194
0.3150112 0.008943869
0.3319659 0.009037176
0.341292 0.008978559
0.3543937 0.009078086
0.329755 0.009130507
0.3583155 0.009085507
0.3464611 0.009428838
0.3596018 0.009280405
0.3231629 0.00937472
0.3081439 0.00948316
0.3087157 0.009451033
0.311723 0.00954111
0.3033623 0.009406315
0.2834778 0.009204249
0.2907227 0.008930539
0.2879533 0.009461903
0.2661756 0.009185229
0.2120688 0.009198586
0.2220877 0.00920626
0.2499441 0.008837256
0.2748676 0.008364795
0.2756867 0.008509385
0.2786989 0.008834511
0.2803421 0.008962598
0.2385062 0.008978438
0.2157683 0.00865091
0.1919932 0.008872237
0.1987994 0.008845357
0.1876439 0.008732417
0.1798152 0.00876007
0.2097295 0.008533572
0.2244685 0.008397099
0.2261038 0.008415818
0.217296 0.008791668
0.2123114 0.008839618
0.2114823 0.00866406
0.2148959 0.008651894
0.2155134 0.008690034
0.1757072 0.008925872
0.1518506 0.009007707
0.1351192 0.009172433
0.1714547 0.008992931
0.1718266 0.00874255
0.1779453 0.008694988
0.1953336 0.008617468
0.1782479 0.008727602
0.1631216 0.008250859
0.146114 0.007982064
0.1385016 0.008143843
0.144686 0.008333316
0.1319153 0.008066978
0.1388682 0.008362506
0.1413663 0.008331751
0.139907 0.008110543
0.132433 0.008368298
0.1443176 0.008453438
0.1524257 0.008378768
0.1635653 0.008890647
0.1713759 0.008557986
0.1650648 0.008678427
0.174872 0.009281381
0.1538292 0.009155489
0.1558224 0.009179767
0.1487647 0.009122561
0.1501943 0.008832269
0.1888403 0.009159358
0.1860058 0.008980014
0.1794477 0.009307266
0.1910501 0.009440452
0.1953462 0.009598559
0.1728894 0.00969693
0.1716021 0.009350715
0.1906501 0.00937738
0.1944762 0.00970268
0.2012127 0.009629202
0.223646 0.009539681
0.2221973 0.0101095
0.2442759 0.01002345
0.279039 0.01014752
0.2915436 0.01017941
0.2827089 0.009966307
0.2820228 0.01010754
0.2864163 0.01013612
0.2655843 0.01069303
0.2268404 0.01080715
0.2106151 0.01078355
0.1982782 0.01092103
0.1775862 0.01163595
0.1713365 0.0117263
0.1802158 0.01164463
0.1866155 0.01224662
0.1946316 0.01199494
0.234548 0.01192304
0.2258584 0.01194572
0.2205935 0.01199296
0.2148962 0.01206056
0.2498527 0.01228366
0.2540172 0.01233329
0.2452886 0.01189371
0.2135932 0.01188907
0.2349499 0.01179023
0.261053 0.01200551
0.2633855 0.01159532
0.3036021 0.01174099
0.2829525 0.01141948
0.3427312 0.01118996
0.3342377 0.01121069
0.330698 0.0113842
0.314027 0.01131358
0.3084428 0.01093407
0.3194793 0.01065737
0.3519082 0.009948806
0.3315408 0.01013979
0.3133957 0.009976937
0.3161691 0.009705
0.2816795 0.009722129
0.2927427 0.009880455
0.3276106 0.009898406
0.3249653 0.009740956
0.3119291 0.0100727
0.3335188 0.01000181
0.3219048 0.01011055
0.3215285 0.01013143
0.3478194 0.01042074
0.3531541 0.01041138
0.3698062 0.009907222
0.3735545 0.01002203
0.3699629 0.009838547
0.3718322 0.01010157
0.4034623 0.0104555
0.4177284 0.01025914
0.4493001 0.01018273
0.4217324 0.01013859
0.4385456 0.01042361
0.4399094 0.01086275
0.4493008 0.01140552
0.3853797 0.01122632
0.3579116 0.0109415
0.4033579 0.01100739
0.3914718 0.01055014
0.3709684 0.01046344
0.3938179 0.01079116
0.3996509 0.01007372
0.4067118 0.009810581
0.381951 0.009407603
0.377688 0.008949102
0.3691171 0.008880611
0.3725546 0.008442898
0.3898461 0.007936859
0.3725022 0.00854827
0.3520177 0.008391886
0.3762416 0.008321888
0.3909598 0.008483886
0.4254291 0.008521963
0.4052041 0.008676612
0.4071069 0.008613464
0.4185545 0.008897274
0.4315823 0.009142076
0.4289652 0.008757699
0.4079917 0.008762614
0.4327461 0.008670605
0.4717042 0.008856531
0.4487054 0.009024372
0.4647644 0.008894117
0.4433996 0.008943246
0.4649703 0.009022514
0.4647053 0.009044904
0.4972975 0.00910479
0.5106283 0.008990149
0.5371585 0.008829864
0.5456589 0.008927973
0.5355492 0.008835607
0.5558508 0.008779071
0.5559346 0.008506827
0.5268356 0.008813485
0.5247028 0.00878588
0.5346775 0.00903217
0.5173522 0.009158651
0.5326438 0.009057394
0.514883 0.00897211
0.5022033 0.008948817
0.4892923 0.008870876
0.4716059 0.00906836
0.4901407 0.009029956
0.5326524 0.008834206
0.5133838 0.009013094
0.5232063 0.009274757
0.580215 0.008807292
0.5670625 0.008771456
0.5310788 0.008719008
0.5446851 0.008611758
0.5711788 0.008770493
0.5598537 0.008804936
0.5883733 0.008611527
0.5437995 0.008627515
0.5822319 0.008393211
0.5592972 0.008623018
0.5454968 0.009009958
0.5324822 0.009220716
0.521966 0.009116214
0.4999797 0.009326988
0.5146262 0.009307213
0.5035552 0.009283748
0.5226148 0.009392816
0.5046785 0.009836567
0.4993688 0.009836773
0.4940968 0.01021024
0.4956358 0.009767893
0.5116214 0.01002742
0.5062138 0.01002603
0.5383236 0.009891962
0.5071018 0.009694741
0.5169968 0.009306325
0.474407 0.009116614
0.4978939 0.00894968
0.4865714 0.009178544
0.5114725 0.008974568
0.5181982 0.008940465
0.5061169 0.009106553
0.5499679 0.008988505
0.5329118 0.00921176
0.4964347 0.008824956
0.5189504 0.008584609
0.5225597 0.008768599
0.5060515 0.008945616
0.5195459 0.009030412
0.5336571 0.00940012
0.5401206 0.009522262
0.5441423 0.009237731
0.5357559 0.009021618
0.5371047 0.008905678
0.5285917 0.00895943
0.5330104 0.008668698
0.5542438 0.00846712
0.5448137 0.008431586
0.5431383 0.008503826
0.5016965 0.008405494
0.5311386 0.008394075
0.5371567 0.008161156
0.5421241 0.008304548
0.5313483 0.008165124
0.5199436 0.008466262
0.5316881 0.008569847
0.4997627 0.008457547
0.4790845 0.008427649
0.5027268 0.00851841
0.5159862 0.008587348
0.5196049 0.009066855
0.5199403 0.009248812
0.5168065 0.009218767
0.495368 0.008971372
0.4980326 0.008897761
0.4802181 0.008805432
0.4830256 0.008490851
0.4657923 0.008059445
0.4870711 0.007909696
0.4906989 0.00788006
0.5106999 0.008124943
0.475815 0.008077801
0.4902393 0.008114074
0.4869668 0.008362336
0.4809291 0.008902051
0.4813641 0.009217804
0.4664063 0.008702844
0.4616088 0.008671326
0.449527 0.008690739
0.3979259 0.008808733
0.3673916 0.008843086
0.3496149 0.008967437
0.3518966 0.008648332
0.4213162 0.008784735
0.4436705 0.008842647
0.4436794 0.009025952
0.4366195 0.009339208
0.4540997 0.00941666
0.474399 0.009434584
0.454693 0.009807289
0.4218084 0.009490553
0.4153772 0.009383701
0.3986798 0.009388822
0.3967893 0.009301456
0.4038935 0.009189791
0.3859374 0.008957441
0.3960707 0.009145223
0.4151886 0.009050579
0.4123257 0.008536909
0.3990412 0.00855845
0.4111261 0.008805792
0.4425639 0.008614318
0.4483318 0.008648313
0.4301896 0.008285316
0.4656503 0.008345306
0.4264727 0.008304933
0.3955638 0.008172931
0.3968963 0.008078419
0.4169975 0.008138445
0.4046331 0.008537843
0.3973838 0.008712272
0.3753909 0.008854417
0.4134444 0.008742171
0.4482599 0.008540727
0.4461177 0.008850405
0.4482467 0.008464796
0.4551188 0.008626864
0.479645 0.008040568
0.4870637 0.007541222
0.4615177 0.007760329
0.4738659 0.007438815
0.4884527 0.007567084
0.4959603 0.007675967
0.4495799 0.007535828
0.460611 0.007375985
0.4591291 0.007480922
0.4367866 0.007302439
0.4061529 0.007166959
0.4074572 0.007218093
0.4278436 0.00726738
0.4285055 0.007560294
0.4601601 0.007717822
0.4793429 0.00794371
0.4594365 0.007629823
0.4547032 0.007130352
0.4774916 0.007010921
0.47157 0.006970699
0.4387683 0.007021194
0.4257435 0.007195708
0.4249777 0.007020021
0.4401544 0.007316398
0.4022412 0.007285802
0.4225211 0.007550184
0.3934364 0.007246219
0.4049218 0.007425819
0.4487631 0.006987341
0.4391302 0.00699877
0.4392674 0.006764286
0.4185863 0.006904908
0.4233618 0.006817532
0.453165 0.007052193
0.4815843 0.007280282
0.5108625 0.006789855
0.4721783 0.00688276
0.5160554 0.006780461
0.4938369 0.006929729
0.4762174 0.006869842
0.4567542 0.006610918
0.4076316 0.006671374
0.4117214 0.006752948
0.4162521 0.006377089
0.4136796 0.006463591
0.43969 0.006502586
0.4240529 0.00685694
0.4262703 0.00675029
0.4398765 0.006841425
0.4425376 0.006868934
0.3990724 0.006613222
0.3931379 0.006422576
0.3972224 0.006272023
0.3799042 0.006379591
0.3674328 0.00611612
0.3887521 0.005968258
0.4051649 0.00596338
0.4049051 0.006077892
0.416944 0.006003273
0.3937909 0.006169456
0.38803 0.006313244
0.3930318 0.006641339
0.4200409 0.006543072
0.4065935 0.006699586
0.3994803 0.006419201
0.3640225 0.006618382
0.3849896 0.006773446
0.405449 0.007115434
0.4526889 0.007142836
0.445078 0.007180042
0.4352673 0.007320964
0.4283169 0.00752075
0.4275946 0.007332255
0.3966892 0.007555813
0.3807976 0.007453728
0.3635908 0.007636741
0.3515701 0.007520365
0.3417359 0.007489021
0.3348129 0.007632195
0.3386935 0.007487947
0.3452005 0.007247629
0.3290056 0.007499855
0.3554017 0.007380786
0.328591 0.00719055
0.2907589 0.006847266
0.2845382 0.006891647
0.3058915 0.007390286
0.2954209 0.007263337
0.273031 0.007549396
0.2679983 0.007652031
0.2714096 0.007691855
0.2753406 0.007474634
0.291374 0.00747032
0.3037882 0.007783893
0.3297452 0.008124599
0.343462 0.008259391
0.3557941 0.008050269
0.354756 0.008034351
0.3588927 0.008002944
0.3341165 0.00799193
0.3561735 0.008214922
0.3755092 0.008313576
0.4038425 0.008540681
0.4177182 0.009136758
0.4307687 0.00929121
0.4259561 0.009439582
0.4045409 0.009490919
0.4147251 0.009084746
0.4201328 0.009768912
0.3990217 0.009664806
0.3663283 0.009412433
0.4198013 0.009440912
0.4327138 0.009920449
0.4125665 0.009710308
0.4229939 0.009467419
0.4517946 0.009492941
0.4814954 0.009582335
0.4859882 0.009794697
0.476707 0.009798776
0.4413026 0.009894526
0.4306602 0.009869807
0.4329716 0.009449335
0.4397604 0.009220597
0.4352617 0.009535425
0.446547 0.0099264
0.4146879 0.009572433
0.4130147 0.009276631
0.4569955 0.009346639
0.4258659 0.009377117
0.4223084 0.009883817
0.4497989 0.009887371
0.4306304 0.01014025
0.4675051 0.009979333
0.4507068 0.01013107
0.4197477 0.01000044
0.3854771 0.01024336
0.4027262 0.009910202
0.3942234 0.009329281
0.3937016 0.009155245
0.3619894 0.009119504
0.374351 0.009040239
0.3693157 0.009361322
0.3664524 0.00961497
0.3977855 0.009345758
0.3785355 0.009560354
0.3360606 0.009933857
0.3382828 0.009808828
0.3748595 0.009642447
0.3850891 0.01005958
0.3721083 0.009881987
0.3693502 0.01013618
0.3598955 0.01062847
0.3682158 0.01093299
0.3771187 0.01123589
0.3897201 0.01107748
0.4338547 0.01116652
0.4402223 0.0106838
0.4029918 0.01031079
0.3788814 0.01012153
0.3961985 0.01017541
0.3795468 0.01026006
0.4019842 0.01026834
0.4319838 0.01045714
0.4054544 0.01046249
0.4118747 0.01042061
0.4347725 0.01022247
0.4214236 0.01005588
0.395481 0.01044233
0.4131599 0.009910216
0.381714 0.009446583
0.3835605 0.009256179
0.4058929 0.009704162
0.385977 0.009355129
0.36665 0.009111349
0.3668358 0.009268237
0.3654791 0.009468362
0.3697811 0.009616137
0.3793787 0.009190135
0.3813968 0.009136205
0.3794434 0.00956197
0.4189676 0.009439456
0.4316034 0.009673779
0.4309911 0.009965376
0.4194629 0.009898993
0.4131665 0.009530179
0.403796 0.009519833
0.3926982 0.009576897
0.3972384 0.009540163
0.3807726 0.009457605
0.3984149 0.009524727
0.3896058 0.009251207
0.3656431 0.009439742
0.3502846 0.009722599
0.3653172 0.008954876
0.3780343 0.008980515
0.3745847 0.008710183
0.3616685 0.008759634
0.3806296 0.008621718
