8.820595
8.920319
9.103991
8.743245
8.70564
9.147089
8.715352
8.837009
8.921966
8.927972
8.871148
9.053503
8.834126
8.896813
9.042582
8.835786
8.878458
8.891569
8.790293
8.818413
8.74961
8.927218
8.930091
8.940476
8.742915
8.782005
8.805886
8.755
8.749513
8.796016
8.717
8.844708
8.836758
8.961216
8.888719
8.646236
8.776326
8.767074
8.852817
8.653574
8.956202
8.811486
8.829265
9.024743
8.604359
8.931217
9.151173
8.759347
8.721801
8.883314
8.974849
8.728851
9.057625
8.536662
8.698713
8.710017
8.698939
8.927182
8.798072
8.917515
8.834747
8.828455
8.63846
8.917339
8.645246
8.860005
8.899398
8.986241
8.822266
8.723706
8.800877
8.909231
8.915038
8.792922
8.682883
8.700655
8.757079
8.763903
8.842426
8.795471
8.92008
8.818627
8.882852
8.97466
8.751009
8.94301
8.597358
8.825544
8.7091
8.758084
8.78168
8.578043
8.886324
8.697423
8.941867
8.983371
8.651011
8.710558
9.146748
8.837925
8.839609
9.002039
8.621754
8.701161
8.630686
8.811817
8.734912
8.726102
8.716811
8.752747
8.729539
8.74903
8.902932
8.698181
8.709219
8.809567
8.71983
8.867086
8.846363
8.884345
8.749335
8.710651
8.680012
8.722067
8.697609
8.748361
8.783258
8.695559
8.764708
8.667517
8.85088
8.720316
8.896616
8.643778
8.919159
8.872571
8.937322
8.638254
8.861898
8.818696
8.804746
8.621879
8.81387
8.98269
8.757685
8.731273
8.779592
8.797422
8.983956
8.697613
8.727712
8.966726
8.629342
8.859148
8.759592
8.882962
8.519988
8.736432
8.5981
8.606792
8.847254
8.853179
8.796258
8.686808
8.554127
8.875293
8.858688
8.926828
8.757909
8.857224
8.813394
8.779816
9.095
8.733155
8.937681
9.178205
8.884508
8.899967
8.874025
8.690675
8.663551
8.714452
8.647511
8.909536
8.917761
8.806902
8.840695
8.718298
8.676867
8.681735
8.923189
8.913754
8.728489
8.760814
8.711224
8.926896
8.792097
8.540617
8.908775
8.559714
