5.326392
6.509703
6.030476
6.02254
6.908943
6.593929
7.10505
7.472904
5.855016
6.004313
6.458307
6.58685
5.901871
5.711741
7.402522
6.548224
6.292425
6.39632
7.149251
6.310139
6.644691
5.432869
5.666278
6.609517
5.958244
5.625052
3.976468
5.259412
4.555641
5.340392
6.762601
7.562161
6.245163
5.999851
6.146512
6.604327
5.716263
4.978289
5.506206
4.67321
5.820695
6.382136
5.871983
5.629969
6.385138
5.931685
7.900554
7.484293
6.00224
6.168158
8.174125
6.312804
6.591464
5.894837
5.383838
5.615146
5.836629
6.030333
5.649334
6.071117
5.336022
6.023666
4.776517
4.528576
4.984456
4.740098
4.910726
7.306884
5.978655
6.67597
6.060804
7.392688
6.355476
6.426124
6.127009
5.540866
5.492801
6.295092
5.986727
5.58114
6.125415
5.886171
6.068642
6.44957
4.861792
4.830181
4.960921
4.968733
5.916559
5.818761
5.466065
6.626929
5.417126
6.41621
7.03389
6.236586
5.535042
6.829696
7.43177
5.772718
5.876298
5.52387
5.287782
5.780964
6.977466
5.317455
6.562673
4.47335
5.998645
5.75438
4.496163
5.440751
6.180369
6.045577
5.471144
5.590843
6.044123
5.191914
4.822026
5.486319
6.167175
5.594467
6.051433
5.147232
5.553048
6.010046
5.084021
5.220383
5.254947
5.070371
6.427584
4.862175
5.252442
5.164363
5.438076
6.391721
7.216177
6.882289
7.056466
7.066556
8.135019
6.34111
7.155488
5.862632
6.188639
5.086738
7.258732
7.227362
6.018805
5.950601
5.392604
5.759589
5.233741
5.108162
5.403269
4.522738
4.475701
5.152429
4.613732
5.291136
5.494551
5.526358
5.850087
7.043468
6.669329
6.507438
6.458847
5.494093
5.527075
6.133037
6.79799
5.73516
7.303341
6.286163
7.201518
7.110781
6.061623
6.067367
7.969546
6.015769
7.542213
7.947835
7.304179
6.625114
6.531015
6.670666
5.822136
8.240863
7.192901
7.078945
6.381726
5.879857
5.349136
5.503596
5.269535
4.456036
6.217248
6.253035
4.797312
4.827699
