0.02838636
0.02549075
0.02659698
0.02209687
0.01949103
0.01978258
0.01964038
0.02118394
0.0180379
0.02424728
0.02659921
0.02385031
0.02656421
0.02499521
0.02063307
0.02403205
0.02505097
0.02588795
0.03323516
0.02792564
0.0310229
0.02169584
0.02023221
0.02149382
0.02290646
0.02154545
0.01830261
0.01649349
0.01484602
0.01087344
0.007852431
0.008106747
0.00829077
0.01003302
0.009486676
0.008441988
0.0109075
0.01078735
0.01307576
0.01560184
0.01159115
0.01307312
0.01546045
0.01511459
0.01569807
0.01945592
0.01913007
0.01795134
0.01678429
0.02322951
0.02201997
0.02072488
0.0181759
0.01643698
0.01428307
0.01642992
0.01957622
0.01922618
0.02053563
0.02104639
0.02213593
0.02737556
0.02240676
0.01881829
0.02385915
0.02321239
0.01987049
0.02104742
0.02402802
0.0223588
0.01774447
0.01940499
0.02131074
0.02124566
0.01902452
0.02053676
0.01948862
0.02068227
0.02304751
0.02159126
0.02115739
0.0216612
0.01673127
0.01382149
0.01638504
0.02064904
0.02062741
0.02020472
0.01979648
0.01919168
0.01889483
0.01735641
0.01798935
0.01477464
0.01625879
0.0167975
0.01639308
0.01653308
0.01566855
0.01847722
0.02002255
0.01751356
0.02111584
0.02229251
0.02226827
0.02979767
0.0329986
0.03650099
0.03687766
0.04242134
0.03847141
0.04787917
0.045505
0.04425768
0.03774235
0.04474399
0.04906042
0.04180945
0.04414819
0.04522979
0.05189283
0.06006607
0.04639675
0.04636161
0.03692179
0.0356168
0.03854473
0.04061685
0.0389271
0.03892041
0.04359719
0.03708425
0.02949124
0.0323489
0.0301364
0.02741072
0.0262786
0.02978858
0.01958348
0.01632603
0.02306272
0.02414608
0.02750448
0.02787889
0.02907856
0.02767511
0.028956
0.03283174
0.03492062
0.03360143
0.04250235
0.04232246
0.04476849
0.03747578
0.03966686
0.03796576
0.04234599
0.04104688
0.03612466
0.03319484
0.03485262
0.03875031
0.03831895
0.04318597
0.04876185
0.04241723
0.03218005
0.03639186
0.03560175
0.02746263
0.02322545
0.02609678
0.03045922
0.03280164
0.03081795
0.02728964
0.02269788
0.0180555
0.02022623
0.0183496
0.02487534
0.02298888
0.02207945
0.02236712
0.01994672
0.01678776
0.01921263
0.02190327
0.02195579
0.01882052
0.01862805
0.01555831
0.01829027
0.01410999
0.01095152
0.01161913
0.0101639
0.01319531
0.01139231
0.01335696
0.01237831
0.01346012
0.01456313
0.0227406
0.02266283
0.02082291
0.01918375
0.01780677
0.01948116
0.01851064
0.0242555
0.01892084
0.01844806
0.02573449
0.0237599
0.02173849
0.01971635
0.02168446
0.02141115
0.02046478
0.01863896
0.02119461
0.02397841
0.02426042
0.0212101
0.02458009
0.02439193
0.01856025
0.0206868
0.02254326
0.02144047
0.02457351
0.03212543
0.03624272
0.03334596
0.02807785
0.02460335
0.03028924
0.02849224
0.02625984
0.02289389
0.02408961
0.02405251
0.03251286
0.02693232
0.02717007
0.02584828
0.02886535
0.02628365
0.02738075
0.02937322
0.03375042
0.03387479
0.0418289
0.03648887
0.03182563
0.0271368
0.02816762
0.0260866
0.02743758
0.02970207
0.02806557
0.02748358
0.02688842
0.02829274
0.02841928
0.02975901
0.02696089
0.02679744
0.03203526
0.03226333
0.02666251
0.02895365
0.02430605
0.02745041
0.03022554
0.03271665
0.03668902
0.03785905
0.0393322
0.03859499
0.03785738
0.04000074
0.0392365
0.04895633
0.05145828
0.04163492
0.04395854
0.05147122
0.05436992
0.04749279
0.04068401
0.05324548
0.05729113
0.0533682
0.04939441
0.05375638
0.04608068
0.04592431
0.05085138
0.05084503
0.06360453
0.05392161
0.05026031
0.05018763
0.04070092
0.0382651
0.03702357
0.03060819
0.03180112
0.03298797
0.03150228
0.03445427
0.03303847
0.03426523
0.03044875
0.03407143
0.03624408
0.03092917
0.02984632
0.0310726
0.03242758
0.03433079
0.02938646
0.03552898
0.03133554
0.02810642
0.02223906
0.02399166
0.02992755
0.02707505
0.02390628
0.02956764
0.02942928
0.02743708
0.02717383
0.03246994
0.02563467
0.02836816
0.02748016
0.02246754
0.02264352
0.01768756
0.01718377
0.01586957
0.01979062
0.01490492
0.01537432
0.01339306
0.01381929
0.01506273
0.01433345
0.01224561
0.01107649
0.01495073
0.01694502
0.01889115
0.01991329
0.01605035
0.0155708
0.01558148
0.01236742
0.0110604
0.009812432
0.01089188
0.01148896
0.01212932
0.0131409
0.01657834
0.01496631
0.01276895
0.01392297
0.01133618
0.01349761
0.01575853
0.01514179
0.01393382
0.0120179
0.01367002
0.01523346
0.01524397
0.01505524
0.01810303
0.02043252
0.01763657
0.01714721
0.01806609
0.01921608
0.02152521
0.01734607
0.02115944
0.01885116
0.02031101
0.02201775
0.0218457
0.01753498
0.02026635
0.02172808
0.01757332
0.01715957
0.01611623
0.01701536
0.02288002
0.02601998
0.02583103
0.02766166
0.02694596
0.03589253
0.03403571
0.0308943
0.02475015
0.02752228
0.02494859
0.03302508
0.0287359
0.0298459
0.02653667
0.02629502
0.03044763
0.03072885
0.02628399
0.01883226
0.01790634
0.02127758
0.0156774
0.01368651
0.01480729
0.01576843
0.01752899
0.01823071
0.02059357
0.02017451
0.02889448
0.03012005
0.02542482
0.02794589
0.02889673
0.02604761
0.02515767
0.02548043
0.02291109
0.02536732
0.0201881
0.01766772
0.02330314
0.02805236
0.02520849
0.03079317
0.02632626
0.02481336
0.02294801
0.02259916
0.02243573
0.02942037
0.02738395
0.02418012
0.02160665
0.02094549
0.02375261
0.02003326
0.02135709
0.0214964
0.02450094
0.02575161
0.03087647
0.02588946
0.02422722
0.02375412
0.02537916
0.02384522
0.02364473
0.01872389
0.02247736
0.02353993
0.02117861
0.02454547
0.02276784
0.02386014
0.01726682
0.01554605
0.01697173
0.01506951
0.01554082
0.01927111
0.02080002
0.01672222
0.01451507
0.01588796
0.01549672
0.01338133
0.01168803
0.01180674
0.01352471
0.01487623
0.01978241
0.02038323
0.02127921
0.02301272
0.01921486
0.01643704
0.0151752
0.01429584
0.01444611
0.01395517
0.01442876
0.01188438
0.01375841
0.01510708
0.01479354
0.01502301
0.01405637
0.01321874
0.01128012
0.008218648
0.007324396
0.00685744
0.006595241
0.007234939
0.008137485
0.007449526
0.006860258
0.007338614
0.007022471
0.007927169
0.007587017
0.008628043
0.009371867
0.01033461
0.0126453
0.01457419
0.01500123
0.02071307
0.02581302
0.02731369
0.02146476
0.01634435
0.01835993
0.01602239
0.01736008
0.01452169
0.0113216
0.01316124
0.01200813
0.01475499
0.01573307
0.01854412
0.0149493
0.0144543
0.01865443
0.01655088
0.01595304
0.0174537
0.01582772
0.01188362
0.01492294
0.01436199
0.02029614
0.02257277
0.0226358
0.0252112
0.02381861
0.02831143
0.02910744
0.02986403
0.03403072
0.03749826
0.03321644
0.03361734
0.03242912
0.02837388
0.0369842
0.02832214
0.02131084
0.02213742
0.02037145
0.01932602
0.02369075
0.02560013
0.02761745
0.03241359
0.03035086
0.02284263
0.02520812
0.02329563
0.02294877
0.01975862
0.02084817
0.01858702
0.02071214
0.01852969
0.01755887
0.01726031
0.01506742
0.01627831
0.01830689
0.01786144
0.01480379
0.01380324
0.01354102
0.01211211
0.01355108
0.01475633
0.01256975
0.01313732
0.01480231
0.01377003
0.01266009
0.01504683
0.01434253
0.0149707
0.01600501
0.01765026
0.02068903
0.0165666
0.01746402
0.01739175
0.01526215
0.02061772
0.02723052
0.02480432
0.02726792
0.0233946
0.02284244
0.01773893
0.0147811
0.01655553
0.01589535
0.01721201
0.01969159
0.01587663
0.0131893
0.01707683
0.02032331
0.01549588
0.01611765
0.01582242
0.01693682
0.01533577
0.01680429
0.01714708
0.02145331
0.02052748
0.02473729
0.02664334
0.03040897
0.02993826
0.02508137
0.02514621
0.02290555
0.02520542
0.02720328
0.02501402
0.02888576
0.02718739
0.02453073
0.02043149
0.01968226
0.02415698
0.02032685
0.01662905
0.01785449
0.01930717
0.0146696
0.01554244
0.0152452
0.01458779
0.01177424
0.01032007
0.01241089
0.0125019
0.01438217
0.01360435
0.01358971
0.01385585
0.01296596
0.01426748
0.01568713
0.01954755
0.01816888
0.01815589
0.0177774
0.0163259
0.01519673
0.01502101
0.01567669
0.01523174
0.01731546
0.01313471
0.01276973
0.01381808
0.01168847
0.01511743
0.01492102
0.01629888
0.01759028
0.01809488
0.01569288
0.01656735
0.0151588
0.01367591
0.01272333
0.01302243
0.01414285
0.01383054
0.01248232
0.00975885
0.01044287
0.01235122
0.01372677
0.01334813
0.01452706
0.01521551
0.01848827
0.02088043
0.01963164
0.0172474
0.01424116
0.0156414
0.01407172
0.01341311
0.01273484
0.01664929
0.01485103
0.01403129
0.01430011
0.01708748
0.0171462
0.01657502
0.01907226
0.02219804
0.01571599
0.0141063
0.0160305
0.01621287
0.01742658
0.01603231
0.02069715
0.02156948
0.02365542
0.01631031
0.01857595
0.02122785
0.0239908
0.02953168
0.0268219
0.02515141
0.02881974
0.02976105
0.0251568
0.02771002
0.0258263
0.02105172
0.02740383
0.02524422
0.02822599
0.03045436
0.02417626
0.0220615
0.02049643
0.02275899
0.02697291
0.02495417
0.03261593
0.02984629
0.02817092
0.02820724
0.02563236
0.02758357
0.01949488
0.02173228
0.02161128
0.0207828
0.02022956
0.02198409
0.02728312
0.02189818
0.02262564
0.02028665
0.02571166
0.02005066
0.02006948
0.0212102
0.01749195
0.01681336
0.01686784
0.01662087
0.01722874
0.02021014
0.0157891
0.01269442
0.01563498
0.02011472
0.02370294
0.02156429
0.02243504
0.01963496
0.01709368
0.01416468
0.01709069
0.01400826
0.01680963
0.01777447
0.01796613
0.02014758
0.02269527
0.0188184
0.01962695
0.0217939
0.02208625
0.01986738
0.01871976
0.01541421
0.01348156
0.01102373
0.0135715
0.01255568
0.01093556
0.01063761
0.01117172
0.01312327
0.01294235
0.01635538
0.01846459
0.01920407
0.02076315
0.02849613
0.03006997
0.03340777
0.03516134
0.0316651
0.02980798
0.02693684
0.02640729
0.02844159
0.03303303
0.03912672
0.03597255
0.03230311
0.03556147
0.03614913
0.03617342
0.03469345
0.02782144
0.03383841
0.02788709
0.02397939
0.02365395
0.02299794
0.02287618
0.02580014
0.02113062
0.02391818
0.02467885
0.02531771
0.02297125
0.01915546
0.02161781
0.01600276
0.0113168
0.01124041
0.01399794
0.01425001
0.01682465
0.01511254
0.0138004
0.0134809
0.01210666
0.0112692
0.01027084
0.01129038
0.01026911
0.01136913
0.01250928
0.01236699
0.01274422
0.009375
0.0104653
0.01062631
0.01282079
0.01179808
0.01249846
0.01319211
0.01367529
0.01198341
0.01088508
0.01354728
0.01512214
0.01634453
0.01592526
0.02059016
0.01548312
0.01490026
0.01467806
0.01579285
0.01501241
0.01536432
0.01452851
0.0144974
0.01767136
0.01950058
0.01928561
0.02194689
0.02596655
0.02884413
0.02920881
0.02905203
0.02626627
0.02677376
0.02032633
0.02154874
0.02111007
0.02549288
0.02094792
0.02408415
0.02802353
0.03057257
0.03177307
0.02981791
0.02633851
0.03148764
0.03105923
0.03014901
0.02698915
0.02565742
0.02771731
0.02511636
0.02193239
0.02000519
0.01882369
0.02262229
0.02658158
0.02253022
0.02309356
0.02333084
0.02255388
0.02570241
0.02578293
0.02502897
0.02632012
0.02285578
0.01999312
0.02082661
0.02272486
0.02094913
0.0245464
0.0182598
0.02065154
0.01826559
0.0159575
0.01511419
0.01219619
0.01029859
0.01117703
0.01171693
0.01190554
0.01709642
0.01744028
0.01729257
0.01721325
0.01476579
0.01555745
0.01454159
0.01952325
0.02247475
0.02483316
0.02538293
0.02442711
0.02094314
0.02486937
0.0290057
0.02666049
0.03069074
0.02839213
0.02671034
0.0299814
0.03085227
0.03087938
0.03397214
0.04222205
0.03985448
0.03171264
0.02977227
0.03430179
0.0311333
0.03525186
0.03691549
0.03195486
0.03737893
0.02990745
0.03099112
0.02939857
0.03664786
0.03167633
0.02837377
0.02369171
0.02434996
0.02656406
0.03091941
0.02926391
0.02802901
0.02546292
0.02525764
0.02757168
0.02878137
0.03598251
0.03318336
0.03029656
0.03417422
0.03413926
0.02803025
0.02403562
0.02692127
0.02785934
0.02598834
0.02617047
0.02786285
0.03199597
0.0330999
0.03390705
0.03340008
0.03631402
0.03464481
0.03809613
0.04065
0.0377664
0.03701256
0.03410771
0.03060303
0.02825591
0.02831424
0.02688749
0.03083211
0.03339928
0.02952779
0.02809599
0.02404467
0.02207965
0.02224437
0.02339451
0.01903253
0.02414542
0.02040928
0.02123379
0.02585444
0.01925562
0.01889191
0.0173715
0.01897001
0.02068748
0.02091542
0.01940523
0.02247853
0.02449273
0.02338983
0.01888382
0.01759774
0.01703127
0.01801212
0.01566334
0.01443874
0.0137828
0.01297994
0.01322283
0.01586499
0.01833557
0.02043276
0.01779409
0.01869238
0.01695281
0.01625578
0.01493591
0.01550603
0.01663149
0.01887006
0.01882837
0.02199719
0.02600025
0.02417862
0.02088258
0.02049154
0.0189897
0.01813196
0.01938761
0.01580786
0.01873788
0.01669453
0.01957265
0.01761979
0.0171262
0.01703359
0.02151661
0.01896414
0.02169659
0.0230275
0.02558462
0.02128446
0.02386508
0.02395127
0.0244085
0.03262552
0.03464066
0.03683688
0.03938009
0.03876842
0.04245548
0.05003528
0.05006184
0.04154932
0.04294975
0.04444269
0.04692526
0.04257771
0.04097221
0.0295415
0.03173971
0.02640616
0.02322862
0.02352667
0.02492276
0.02961988
0.02880206
0.03026499
0.0323215
0.03637979
0.03272954
0.03055855
0.02617232
0.02045352
0.02085776
0.02097423
0.02346504
0.02853925
0.03023547
0.02185904
0.01856587
0.0151269
0.01529532
0.01512554
0.0122787
0.01415323
0.01499428
0.01198563
0.01454034
0.01492619
0.01366164
0.01302367
0.01196676
0.01255531
0.01314396
0.01123806
0.0141795
0.01606144
0.01598719
0.01657185
0.01406602
0.01723019
0.01507589
0.01155307
0.01039835
0.01220744
0.01165549
0.01205416
0.01385174
0.01344123
0.01683326
0.01519668
0.01903733
0.01926243
0.01781684
0.01286013
0.01004562
0.0128244
0.01212372
0.01288587
0.01238651
0.01196221
0.01458123
0.01844965
0.01743715
0.018826
0.01765306
0.0167875
0.0200689
0.02421747
0.02512428
0.0213239
0.02223564
0.02324803
0.0232932
0.02317804
0.01711762
0.01953072
0.01955561
0.01737057
0.01501538
0.01517308
0.01418637
0.01518071
0.01689966
0.01725212
0.01961686
0.01836277
0.01819709
0.01577087
0.01691043
0.01533548
0.0136782
0.01380521
0.01621656
0.0176469
0.01516871
0.0134189
0.01388075
0.01364958
0.01097292
0.01079551
0.01374012
0.01510321
0.01661758
0.01593411
0.01745557
0.01696814
0.01951277
0.0171844
0.01487018
0.0143964
0.01338863
0.01617809
0.0163973
0.01464459
0.01540501
0.01523639
0.01391416
0.01585922
0.01801555
0.02003629
0.01763269
0.0182207
0.02229239
0.02415236
0.021912
0.01745182
0.01651857
0.0147602
0.0135566
0.01391442
0.01527003
0.01606058
0.01296386
0.01427415
0.01322439
0.01389526
0.01353967
0.01465244
0.01486523
0.01266378
0.0165465
0.01552686
0.01648181
0.01788927
0.01617427
0.01714521
0.02304132
0.02056727
0.02555424
0.02744527
0.02454168
0.0183118
0.016042
0.01631481
0.02071047
0.01751937
0.01890173
0.01770963
0.01956501
0.02015985
0.02116461
0.02306011
0.0202356
0.02136048
0.0245767
0.02410493
0.01995645
0.02175564
0.02392537
0.02320649
0.02233837
0.01983929
0.02121966
0.01914127
0.01889407
0.01828416
0.01831724
0.02021467
0.02152098
0.01941363
0.01613558
0.01775439
0.01967268
0.01540631
0.01485565
0.01114191
0.01577418
0.01332156
0.01164493
0.01242686
0.01045424
0.009554353
0.0131591
0.01122115
0.01313446
0.0159996
0.01411578
0.01317278
0.01594415
0.01670792
0.01493498
0.01693815
0.01639649
0.01608762
0.01796401
0.01876266
0.02085647
0.01953394
0.01903417
0.01677062
0.0178709
0.01501039
0.01582437
0.01293077
0.01478626
0.01717836
0.01896862
0.01923273
0.01663044
0.01635107
0.01590637
0.01592304
0.01678049
0.01323839
0.0138347
0.01612086
0.01772115
0.0181597
0.01653046
0.01938361
0.02524045
0.02722629
0.02660249
0.02686737
0.02489846
0.02584077
0.02644368
0.0253804
0.02586713
0.02404913
0.0247835
0.03117066
0.02158093
0.02099531
0.02209543
0.02021983
0.02047109
0.01933769
0.01572411
0.0195936
0.01842458
0.02157458
0.01846085
0.01495773
0.01391495
0.0158745
0.02175006
0.01989878
0.0208316
0.01990049
0.02031858
0.01855051
0.01664296
0.02022481
0.02041454
0.02042241
0.01942407
0.02121417
0.02934329
0.02953019
0.03016314
0.02677372
0.02771965
0.02724593
0.03584618
0.02905427
0.03200601
0.03027285
0.02811115
0.03193394
0.03162148
0.03040565
0.02286972
0.0190814
0.01893846
0.01805796
0.01769147
0.02097867
0.02640594
0.02783938
0.02465215
0.02039685
0.01956549
0.01912417
0.02097739
0.0242333
0.03432664
0.03359231
0.03675451
0.03030564
0.0349892
0.03165927
0.02303725
0.02117535
0.02064082
0.017715
0.01376026
0.01268731
0.01455034
0.01564738
0.01818929
0.01957915
0.02074997
0.02219843
0.02324996
0.02622703
0.02575243
0.02895543
0.02922432
0.02407852
0.02830951
0.03040271
0.03674654
0.03810008
0.03394775
0.03833254
0.03821406
0.04101303
0.03560333
0.04075691
0.04369424
0.04567269
0.03928841
0.03974377
0.0340308
0.03455318
0.04520391
0.0496071
0.05038232
0.04848656
0.04103205
0.04516882
0.03663398
0.03539194
0.034534
0.0315778
0.03386972
0.02807249
0.02718226
0.03422722
0.03476273
0.02780874
0.02602488
0.02364752
0.0246659
0.02574352
0.02020825
0.02146229
0.02039719
0.02202074
0.02314653
0.02169256
0.02209035
0.0243622
0.02162557
0.02387007
0.02381298
0.02670543
0.02648927
0.03084921
0.02723734
0.02814886
0.0285205
0.02917482
0.02492788
0.02896244
0.02318193
0.02080148
0.01695183
0.01665662
0.01709709
0.02173924
0.02474965
0.02325862
0.02645267
0.0320361
0.0344965
0.0322823
0.02798817
0.03053821
0.0344931
0.03190411
0.03244532
0.03010459
0.02764674
0.02995505
0.02868781
0.02982067
0.03380281
0.02822502
0.03147547
0.03246332
0.03810973
0.03605728
0.02505958
0.02166079
0.02511292
0.02264344
0.02037225
0.02051571
0.02611249
0.02255706
0.02006416
0.01587174
0.01514027
0.02059228
0.02148573
0.02655995
0.0256311
0.02503765
0.02593073
0.01992326
0.02234583
0.01905002
0.01957651
0.02201947
0.02655261
0.02587919
0.02402554
0.02612758
0.0229511
0.02133465
0.02323002
0.02774281
0.02516684
0.02735094
0.02742537
0.02965914
0.03564908
0.03316078
0.03215782
0.03101635
0.02753269
0.0283843
0.03015968
0.02444888
0.02443202
0.02293895
0.02932234
0.03386767
0.03395901
0.04133858
0.04235562
0.04294275
0.03978088
0.03773854
0.03170195
0.03094393
0.02482709
0.02288215
0.02508771
0.02854359
0.02816354
0.02550263
0.02073782
0.01921219
0.02292558
0.02577977
0.02785077
0.0266338
0.02862922
0.03163916
0.03062848
0.03385588
0.02768376
0.03060514
0.03155402
0.03046361
0.03179587
0.0295426
0.03051613
0.04140246
0.04613073
0.04208187
0.05185618
0.0405886
0.04741809
0.05223172
0.04169809
0.04196768
0.04595667
0.04518196
0.04696736
0.04006245
0.03513103
0.03279062
0.03455512
0.02742435
0.02060168
0.02101693
0.02046305
0.02186228
0.02029232
0.01796005
0.01879964
0.02490063
0.02717078
0.02387435
0.02977675
0.02819844
0.02353113
0.02031764
0.01878008
0.019501
0.01985257
0.0167801
0.01899741
0.01861031
0.01834402
0.01727207
0.01997125
0.0186876
0.01786617
0.0182772
0.01574548
0.01660605
0.01763806
0.01908577
0.01827747
0.02107096
0.01844711
0.01894626
0.01808812
0.01701254
0.01479038
0.02068623
0.01866564
0.01852691
0.02077382
0.02028866
0.01977071
0.01896712
0.01887464
0.01658786
0.01573279
0.01641279
0.01475396
0.01515485
0.01544257
0.01221741
0.01402061
0.01218617
0.01104875
0.01160289
0.01508431
0.01724936
0.01622411
0.01949137
0.02280407
0.02576385
0.01993249
0.02192071
0.0227845
0.02217431
0.0242097
0.01895324
0.01292754
0.01143077
0.01283059
0.01477535
0.01602052
0.01552349
0.01619101
0.01662203
0.02216324
0.02702625
0.02199211
0.0262804
0.03123923
0.02944444
0.02357157
0.021995
0.01736766
0.01976496
0.02279865
0.02064839
0.01932334
0.02124341
0.02522308
0.02754668
0.03096407
0.03288433
0.03201204
0.02826263
0.02637551
0.02888018
0.03446749
0.04158649
0.04152009
0.04234051
0.0444439
0.03921999
0.03587971
0.04149475
0.05071823
0.05082762
0.04136341
0.03538432
0.03074343
0.02610691
0.02641612
0.02570562
0.02504101
0.03039694
0.03519407
0.04057378
0.03732704
0.03836723
0.03958724
0.03296676
0.03244011
0.03138949
0.03240526
0.03062748
0.03070996
0.03131554
0.02759879
0.03429412
0.03440975
0.03395647
0.03640527
0.02854465
0.03373566
0.03456561
0.03199735
0.02263793
0.0237065
0.02090685
0.0190871
0.0191972
0.02451871
0.02509509
0.02063537
0.01901971
0.02219454
0.02775651
0.02645638
0.02363979
0.02613588
0.02794601
0.02399323
0.02045478
0.02177455
0.02539638
0.02607812
0.02804104
0.02466225
0.02348471
0.01922744
0.01960203
0.01899525
0.01334222
0.01555057
0.01335199
0.01298864
0.01335809
0.01421692
0.01397313
0.01366512
0.01382082
0.01596153
0.01646583
0.01721974
0.01697439
0.01417759
0.01934745
0.02003803
0.0179685
0.01616157
0.0166128
0.01472526
0.01508629
0.01542478
0.01688585
0.0160073
0.02150224
0.01731845
0.01747537
0.01947786
0.02124378
0.02223456
0.02452072
0.02483632
0.02003025
0.0221186
0.01890826
0.02093612
0.01818181
0.01552998
0.01924519
0.01659556
0.01746156
0.01529202
0.01457785
0.0226643
0.02870923
0.0254276
0.02580988
0.02691154
0.02677873
0.03102887
0.02502512
0.02113918
0.0239293
0.02484283
0.02439139
0.02095856
0.01983418
0.01968908
0.01717242
0.01507538
0.01620257
0.01612844
0.01906036
0.02041083
0.01942225
0.01935566
0.01636802
0.01347187
0.01377877
0.01411313
0.01639895
0.01250588
0.01055152
0.01032769
0.01104574
0.008714733
0.009176699
0.01024747
0.01337227
0.01537826
0.01967328
0.02016089
0.02163261
0.02359583
0.02259211
0.01921255
0.01870152
0.01661508
0.01788171
0.01976259
0.01764635
0.01780994
0.02031952
0.02244601
0.02631548
0.02518218
0.02568126
0.02534434
0.02191255
0.02223826
0.02463385
0.02492241
0.03164629
0.03690222
0.03454998
0.02788168
0.02584678
0.02078797
0.01670694
0.01609173
0.01757381
0.01549055
0.01685022
0.02073163
0.0183251
0.01508233
0.01757679
0.02154053
0.02145924
0.01966572
0.01808771
0.01574425
0.01541421
0.01656271
0.01525713
0.01490536
0.01421458
0.01238135
0.01377141
0.01584387
0.01478031
0.01167718
0.01229633
0.01150951
0.01040863
0.01272078
0.01356576
0.01469812
0.01691029
0.01976616
0.01492914
0.01589573
0.01868818
0.01401475
0.01657357
0.01511543
0.01577827
0.01697506
0.01567057
0.01501489
0.01693026
0.01908548
0.01913662
0.01557263
0.02149143
0.02020625
0.02165649
0.02218363
0.02336401
0.0240387
0.02421066
0.01935601
0.01987559
0.0195641
0.02092998
0.0223139
0.02341116
0.02074063
0.01979182
0.02258845
0.02348947
0.02255794
0.02410816
0.02182593
0.02442886
0.02464982
0.02823857
0.03028895
0.02831241
0.028781
0.02969438
0.03744119
0.03281251
0.04284088
0.0369002
0.03395283
0.02921043
0.03459968
0.03953127
0.03776757
0.03154087
0.04086953
0.04113771
0.04050853
0.03572082
0.03766244
0.03276226
0.03160072
0.02431511
0.02406241
0.02615942
0.02513526
0.02551718
0.02909393
0.02401956
0.02693288
0.02952105
0.02804381
0.02695657
0.02761313
0.02504127
0.02608635
0.02739889
0.02688445
0.02747375
0.02800355
0.02602581
0.02615343
0.02969919
0.02832354
0.03124758
0.03352852
0.03202527
