0.01197432
0.0120795
0.01225038
0.01090827
0.01213447
0.01293704
0.01294812
0.01560269
0.01557806
0.01601739
0.02115817
0.02845087
0.02349583
0.01868378
0.01893882
0.01961888
0.02037388
0.02146819
0.02404238
0.02384897
0.023657
0.0234097
0.01701273
0.015634
0.01696733
0.02011442
0.01962558
0.02033444
0.02528188
0.02310598
0.02417429
0.02504814
0.02484249
0.02718578
0.02721876
0.02469499
0.03072134
0.02477325
0.03199458
0.0274815
0.02934862
0.02633326
0.02594509
0.01870027
0.01928509
0.02307045
0.02012437
0.02152085
0.02001578
0.01883038
0.01744233
0.01628386
0.01705899
0.0153218
0.0156158
0.0172716
0.0152815
0.01453807
0.01485656
0.01516203
0.01364883
0.01375098
0.01352786
0.01324109
0.01268377
0.01537751
0.01697979
0.01655872
0.01923192
0.01738717
0.01824756
0.02138831
0.02409503
0.02171906
0.02461769
0.02620375
0.02762342
0.02830044
0.03072015
0.02648626
0.02755035
0.02957965
0.02670095
0.02938738
0.03233877
0.02646456
0.02566719
0.02539188
0.02342843
0.02665176
0.03009656
0.02668854
0.03125684
0.02734129
0.02652924
0.03221829
0.02631131
0.02604813
0.02115555
0.02949877
0.03127927
0.02848134
0.03529155
0.02501575
0.02611754
0.03073712
0.03113693
0.02976019
0.0289566
0.03009172
0.0290423
0.02689302
0.02880043
0.02456386
0.02342976
0.02080626
0.02333437
0.02120933
0.02471843
0.0196594
0.02607395
0.02585667
0.02432098
0.0282612
0.03123749
0.0332501
0.02894466
0.0289957
0.0287715
0.02678858
0.0315896
0.02357251
0.02535857
0.02799796
0.02947259
0.03556816
0.03351787
0.03038783
0.02771418
0.02720995
0.02848886
0.02594716
0.02999782
0.02597015
0.03396392
0.0392392
0.04306422
0.04822337
0.04551421
0.04320485
0.04106663
0.03967813
0.04255163
0.03210751
0.0292055
0.0259003
0.02872099
0.02402443
0.02120864
0.02699594
0.02416542
0.02612053
0.03181247
0.03415531
0.02791469
0.02719609
0.02562041
0.02829889
0.02071441
0.0222923
0.02160981
0.02168348
0.02398189
0.02522982
0.03127129
0.02846165
0.02919633
0.03123271
0.03773354
0.03040585
0.03071232
0.03168834
0.02699646
0.02775032
0.02525627
0.02283549
0.01850811
0.0190956
0.01406816
0.0137525
0.01351062
0.01466623
0.01653401
0.01265838
0.01471162
0.01169656
0.01146301
0.009267453
0.01013236
0.01261883
0.01587328
0.01382482
0.01438855
0.0157067
0.01329231
0.01566161
0.01557235
0.01652216
0.01491242
0.01501209
0.01393392
0.01144999
0.01558731
0.0163791
0.01856211
0.02098091
0.01798863
0.01915308
0.01648809
0.01858921
0.01933133
0.0219394
0.02105156
0.02385932
0.02335174
0.02321867
0.02184072
0.02712603
0.02853188
0.02658587
0.0292359
0.02674148
0.02016931
0.02444461
0.02226732
0.02183011
0.0209379
0.01842865
0.021712
0.02082528
0.01864781
0.02148503
0.02740665
0.03011932
0.02873599
0.02639408
0.02997379
0.02717723
0.02680465
0.02770063
0.02841436
0.02666685
0.02827216
0.03153548
0.03758841
0.03628892
0.03624874
0.03475564
0.03591186
0.04372351
0.04636492
0.04152279
0.04954529
0.04959043
0.04978649
0.04684607
0.03608751
0.03309138
0.03549614
0.03365415
0.03707009
0.0368155
0.03988591
0.0380645
0.04450818
0.04362729
0.04145501
0.04976681
0.05140853
0.05713216
0.05362282
0.05411971
0.05691439
0.04907854
0.05130552
0.06190101
0.06221728
0.06082371
0.04843478
0.04693864
0.04856207
0.05182199
0.0442614
0.04449155
0.03650506
0.04405142
0.04257921
0.03592191
0.04368916
0.04819041
0.03956188
0.03527826
0.0370856
0.03787277
0.0434998
0.04523694
0.04344082
0.04227256
0.03974271
0.03808231
0.03610509
0.03522853
0.03478977
0.03411531
0.0421282
0.05575617
0.05520126
0.05421169
0.05295428
0.04725272
0.04584578
0.05242118
0.05386366
0.04838566
0.0578678
0.06140782
0.0630086
0.05540569
0.05676015
0.05190058
0.04799542
0.04423222
0.04747858
0.04275167
0.0451808
0.04532073
0.05284249
0.04769536
0.04691877
0.04375931
0.03763001
0.0459735
0.0414135
0.0340606
0.03250683
0.0349915
0.03312274
0.03059135
0.0386633
0.03794693
0.0435044
0.05682134
0.05180002
0.05447692
0.04252485
0.04690255
0.04862672
0.04612803
0.0371408
0.03509964
0.04409222
0.04728089
0.03773731
0.03182158
0.03318114
0.03344833
0.03348372
0.04008762
0.03435656
0.03516681
0.03552845
0.04010257
0.03722997
0.04254206
0.04051307
0.0462628
0.041594
0.04917145
0.04575832
0.04084219
0.04787035
0.05252771
0.04414974
0.03454357
0.03232169
0.03470784
0.03580318
0.02456535
0.02429651
0.02241386
0.02116804
0.02286198
0.02341983
0.02351653
0.02335538
0.02111819
0.01807021
0.02194012
0.02386761
0.02781205
0.02694193
0.02384134
0.02551503
0.02530173
0.02420431
0.02280164
0.02145621
0.0230823
0.01848349
0.01742409
0.01922936
0.02143701
0.02305088
0.02377554
0.02521983
0.02239933
0.02299922
0.02343272
0.02231333
0.02918012
0.0311114
0.03033935
0.03476673
0.03071198
0.03232878
0.02933878
0.03503145
0.03626936
0.03525737
0.03932451
0.03881473
0.0356304
0.0382165
0.04778347
0.05088466
0.04675079
0.04487669
0.05613977
0.05610506
0.05580146
0.0520229
0.04087317
0.03986408
0.04127554
0.04261266
0.04475787
0.04107038
0.03333635
0.03470442
0.03398208
0.03118464
0.02727754
0.02918609
0.02661708
0.0284831
0.0273475
0.03197376
0.03150861
0.03449442
0.03373369
0.03720022
0.04242219
0.04493304
0.04742407
0.04820886
0.0396779
0.04220214
0.03857027
0.03606917
0.03398517
0.03319727
0.02791395
0.03098241
0.03820992
0.03977359
0.02867506
0.02754721
0.03264303
0.02835986
0.03148537
0.03339675
0.03283689
0.03876607
0.04232149
0.0396301
0.04960389
0.04723905
0.0533918
0.04655427
0.04697545
0.05174772
0.04934328
0.04860128
0.06330558
0.05137703
0.05532809
0.04797757
0.05081088
0.05532103
0.04880649
0.05469663
0.05229456
0.04857372
0.05058762
0.06036857
0.06984969
0.06870558
0.07739275
0.0769474
0.0787891
0.06617441
0.07818596
0.06835265
0.07526545
0.06244226
0.05842922
0.0647512
0.05292594
0.05669679
0.0515797
0.05169275
0.0480533
0.04426135
0.05107039
0.04650644
0.04073891
0.03613387
0.03890216
0.03439435
0.031673
0.03668606
0.03144447
0.02546694
0.02318956
0.02465569
0.02625653
0.02796311
0.03261691
0.0319995
0.03777311
0.0352256
0.03585956
0.0384615
0.03865075
0.03770721
0.04132353
0.05006309
0.04906295
0.04896826
0.04780824
0.04163022
0.04299049
0.03706927
0.03859554
0.03634872
0.0347145
0.03459468
0.03278706
0.03211265
0.03519548
0.03143658
0.02904384
0.02624147
0.02799382
0.02502941
0.02615265
0.03201243
0.02958974
0.03548331
0.03569832
0.03283483
0.03480802
0.02900199
0.03149583
0.02846158
0.02370968
0.02094476
0.02047857
0.01900285
0.02356706
0.02280105
0.02995017
0.03036784
0.03270578
0.03370805
0.0346803
0.04027011
0.04115674
0.03691434
0.04459519
0.04619873
0.03757686
0.03073286
0.03385315
0.03906532
0.04111253
0.04541571
0.04533769
0.04587835
0.04466838
0.04077703
0.04327638
0.04032222
0.04770554
0.04076339
0.04803481
0.05168121
0.04202945
0.03654997
0.04262591
0.03702712
0.03700608
0.03935692
0.03594049
0.03949865
0.04387713
0.03969574
0.04383209
0.04911542
0.03708464
0.04165879
0.03404286
0.03851504
0.0338192
0.02690922
0.0315245
0.02755325
0.02730672
0.02784226
0.03108794
0.02997964
0.0277046
0.02483377
0.0264844
0.02538676
0.0314993
0.0291792
0.03090763
0.04239128
0.04911592
0.05206009
0.05640886
0.05288132
0.0505613
0.05444792
0.05713704
0.05371717
0.05877522
0.07015585
0.05625758
0.05441236
0.05465854
0.04536881
0.04488775
0.03932146
0.04068967
0.03792869
0.04488611
0.04063041
0.04034798
0.03427303
0.03910703
0.03541753
0.03647638
0.03902875
0.03680736
0.03107002
0.03117821
0.02870602
0.02792499
0.0282249
0.03600624
0.03028685
0.02869141
0.02811643
0.025123
0.03094846
0.02948665
0.02724393
0.03036112
0.03311938
0.03626725
0.03239377
0.034532
0.03346994
0.03330805
0.03675047
0.04404215
0.04468989
0.04627835
0.05346647
0.04227513
0.0392928
0.04115152
0.0400332
0.0363484
0.03458972
0.03324407
0.03489576
0.04271019
0.04590826
0.04260831
0.04245889
0.04287221
0.04168174
0.03327232
0.03365378
0.02876128
0.02694319
0.03031028
0.03153687
0.02920695
0.03660504
0.03602553
0.04130044
0.0430371
0.04365791
0.04307373
0.04196916
0.04218835
0.05129721
0.05063051
0.04009941
0.04182038
0.04118135
0.04490524
0.0447171
0.03972683
0.03899072
0.03870871
0.0363494
0.04011574
0.0372627
0.04482977
0.04890087
0.05165544
0.05216281
0.05736175
0.05592039
0.05048232
0.05089456
0.04832619
0.03621466
0.04422255
0.04064516
0.04255141
0.03960786
0.03675414
0.03300018
0.02734664
0.03072011
0.02940682
0.0291103
0.03001508
0.02667447
0.0229887
0.02226475
0.02571177
0.02418255
0.0283706
0.03006863
0.02564648
0.03035883
0.0295657
0.0295192
0.02552801
0.02514851
0.03011147
0.0347758
0.03744114
0.0501054
0.0508836
0.04709449
0.0466153
0.04627081
0.04384325
0.04287703
0.04121741
0.04595554
0.04140734
0.04164873
0.04257037
0.03950628
0.04461589
0.03827765
0.03589794
0.04434958
0.04367208
0.0430406
0.04817113
0.04831625
0.0483685
0.05108254
0.04704987
0.04693406
0.04219361
0.04194014
0.04097238
0.03989966
0.04722456
0.04407833
0.05336593
0.05359664
0.05317904
0.05915008
0.05697862
0.05901092
0.06871175
0.07038737
0.0701144
0.06684009
0.05428921
0.05201316
0.05818433
0.04452219
0.04329118
0.04969308
0.0448645
0.04375543
0.04641868
0.03541113
0.03221571
0.02712555
0.03219821
0.03849433
0.04623541
0.05060345
0.05367072
0.05707153
0.05832067
0.05823771
0.0532249
0.04937898
0.05002009
0.04945433
0.044773
0.0482008
0.03998233
0.04918744
0.03827316
0.04021989
0.03643771
0.03752877
0.03929973
0.03270059
0.02944825
0.03887662
0.04565255
0.04891337
0.04689377
0.04906889
0.04484025
0.03848547
0.04581121
0.04418447
0.05183266
0.04580553
0.05824629
0.05110163
0.04640782
0.06104294
0.05494545
0.05703845
0.0569972
0.05128176
0.04400272
0.04954027
0.0583989
0.06779396
0.06396796
0.05740157
0.07307276
0.06597479
0.06597483
0.06660723
0.07531382
0.08214152
0.08097178
0.07234952
0.05942211
0.06060842
0.05957329
0.06366881
0.06936385
0.07191985
0.06756942
0.07461865
0.06360113
0.06440542
0.06012365
0.07312008
0.06953543
0.06355917
0.07013767
0.06192092
0.07216333
0.0711335
0.06606789
0.06987799
0.08598399
0.08145328
0.088123
0.0906882
0.08540643
0.07454102
0.08367293
0.09443104
0.09295138
0.08040174
0.08114174
0.08178131
0.07629758
0.09010415
0.0927569
0.07994189
0.07733568
0.0681922
0.06412925
0.07279776
0.06783575
0.07054874
0.0696011
0.06703607
0.06796796
0.04938609
0.05768005
0.05767128
0.05487835
0.06080513
0.0712971
0.05965802
0.05873146
0.05773792
0.05861019
0.06197644
0.06973232
0.06041998
0.06748279
0.06429621
0.04827397
0.05168522
0.04986194
0.05034176
0.04790097
0.04708887
0.05386262
0.05698365
0.05668349
0.06753826
0.07255086
0.07360923
0.06795118
0.08187296
0.0744517
0.07604549
0.06425124
0.06942437
0.07687627
0.08840548
0.08585769
0.09152603
0.09990357
0.0984504
0.1056388
0.1072288
0.09560781
0.07488278
0.08592831
0.09020569
0.09868526
0.07931384
0.08575271
0.06976488
0.07276701
0.0849315
0.06079229
0.05841076
0.06085854
0.07067638
0.0741491
0.08318919
0.06535373
0.05763095
0.05023092
0.04901347
0.05269591
0.04701158
0.04265045
0.04499786
0.04403006
0.05090909
0.05356587
0.04280749
0.04965125
0.05680684
0.05004445
0.05850248
0.05054996
0.05757023
0.05826514
0.05649437
0.0509275
0.06265553
0.06602948
0.05619437
0.06348725
0.06398011
0.06528805
0.05843025
0.04607153
0.04450582
0.04270575
0.03959755
0.04116003
0.04688148
0.04617483
0.05327984
0.05390878
0.0457087
0.04372862
0.04099344
0.04360913
0.04221961
0.0424296
0.0493603
0.04491058
0.04893401
0.03945173
0.03668827
0.03855754
0.04944099
0.0425955
0.04397692
0.04004427
0.04254333
0.04713402
0.04289244
0.04595094
0.05392677
0.04213864
0.04444214
0.04609412
0.0373293
0.03504579
0.04066459
0.03927556
0.04320358
0.04558934
0.04701483
0.05274922
0.05864537
0.06619873
0.05554997
0.05782991
0.06708116
0.06864149
0.05975815
0.06214768
0.05787022
0.05753306
0.06021181
0.05902448
0.06109948
0.06241
0.05327017
0.06463004
0.07087978
0.07051641
0.07516537
0.06409591
0.06481771
0.07616832
0.06497183
0.06825932
0.05459023
0.04460311
0.04412768
0.04012248
0.04195622
0.0403747
0.03886223
0.04110868
0.04079798
0.04801198
0.06490354
0.06796255
0.06445058
0.04839131
0.04762598
0.05123234
0.05436956
0.05602688
0.05617309
0.04750588
0.04600147
0.04173257
0.03531846
0.03914067
0.03692631
0.0362362
0.03699664
0.04022043
0.0382349
0.03799635
0.03986317
0.04170656
0.04641399
0.04630315
0.05298968
0.04424247
0.04743716
0.04359784
0.05074176
0.04130964
0.03248156
0.03016952
0.03567428
0.03398257
0.03613291
0.04155664
0.04361641
0.04949849
0.0372096
0.04577888
0.04288014
0.05067548
0.05871587
0.05324945
0.04736784
0.05216759
0.05128644
0.05933074
0.06310185
0.07667218
0.06914074
0.0701312
0.07738781
0.07541805
0.08813499
0.07999089
0.0764543
0.07023931
0.07261191
0.08108124
0.07917543
0.0808842
0.0973543
0.09626786
0.09584119
0.08312082
0.08056747
0.07500083
0.08878034
0.08528875
0.08497846
0.07515189
0.07388357
0.0690732
0.07618881
0.07797942
0.07256942
0.07760768
0.09100701
0.08039135
0.0864131
0.09452787
0.08197599
0.07606188
0.07328373
0.07702436
0.07610719
0.06213313
0.05891567
0.06055109
0.05307963
0.05609121
0.04889974
0.04768916
0.04291282
0.04714215
0.04609211
0.04201432
0.0407032
0.04191308
0.03727799
0.03859664
0.0335026
0.03090275
0.03121792
0.03704861
0.03711451
0.04511799
0.0509213
0.05349
0.05958567
0.06031825
0.05515734
0.06865586
0.07241034
0.07510686
0.07689548
0.0791288
0.07315992
0.07984932
0.08280991
0.08253198
0.07942069
0.08308268
0.0796471
0.08107709
0.08106176
0.08307036
0.0643589
0.06695925
0.07433755
0.07716949
0.06290338
0.053006
0.06577022
0.065591
0.04827352
0.05849627
0.05990282
0.05790624
0.06364497
0.07288549
0.06676336
0.06539611
0.05560254
0.05115501
0.06287383
0.05860025
0.06472556
0.06529953
0.05830868
0.05458614
0.05097213
0.04322692
0.04673986
0.0472495
0.04543684
0.04528876
0.04594893
0.04393784
0.03785229
0.03997784
0.0331373
0.03560325
0.0335379
0.03387073
0.03427706
0.03976563
0.03608362
0.04776922
0.04647629
0.04786797
0.04889529
0.05402522
0.04646608
0.05054894
0.04912294
0.0598517
0.0663703
0.0615797
0.05064958
0.04992761
0.04833866
0.05052826
0.05172196
0.05584059
0.06043578
0.05046869
0.05880051
0.06942414
0.06679273
0.07316456
0.07187577
0.08228635
0.06623487
0.07157657
0.0692654
0.0690147
0.06747602
0.07698924
0.08587334
0.08186342
0.07532754
0.08567578
0.0698045
0.06428729
0.0608337
0.07530298
0.0930332
0.08160118
0.07326451
0.08437327
0.1019556
0.09830236
0.07892406
0.08825648
0.09823117
0.0935814
0.07820937
0.07919293
0.06639725
0.05701304
0.06657004
0.06229694
0.06226895
0.06609866
0.06742412
0.06570572
0.06629305
0.06223719
0.0564878
0.06129981
0.05738553
0.06286673
0.07662727
0.08734424
0.08960986
0.1019519
0.0878819
0.1060971
0.105309
0.09742724
0.1043452
0.09951413
0.09515253
0.09328883
0.1212369
0.101622
0.07968456
0.07875875
0.08353835
0.08385317
0.08241241
0.07658439
0.07141303
0.09167638
0.08049325
0.08164785
0.06786615
0.0734674
0.07099526
0.06380155
0.07315247
0.06986802
0.07161792
0.06441488
0.05707
0.05353597
0.05804999
0.05997304
0.06332483
0.06732916
0.07471226
0.08722475
0.08833087
0.0772168
0.09048939
0.08129118
0.08006397
0.06749706
0.06718543
0.07374317
0.07256504
0.07698384
0.06882428
0.0579592
0.05419598
0.0503184
0.04708288
0.05726087
0.05409535
0.05234077
0.04774216
0.04780543
0.04989982
0.0427054
0.04320071
0.04513554
0.04924434
0.05712573
0.05905979
0.06490844
0.06553729
0.06763564
0.06787947
0.05452449
0.05216537
0.05611048
0.06405449
0.06893793
0.07223325
0.06683764
0.07228492
0.06097533
0.06790745
0.08604788
0.08086031
0.06963234
0.06336242
0.06134071
0.06202397
0.04788351
0.04496975
0.05462484
0.05740623
0.0659328
0.05880498
0.05808033
0.05472902
0.05826363
0.06014824
0.07270077
0.06723268
0.05403963
0.06005151
0.07174493
0.07292111
0.06931765
0.0663941
0.0675906
0.06597863
0.07184207
0.07609809
0.08345
0.08401749
0.08837461
0.08557315
0.08560738
0.1032643
0.09314134
0.08869736
0.1032756
0.1055965
0.09543549
0.09463102
0.09057775
0.09229091
0.08305288
0.08418412
0.06859068
0.07867727
0.0788684
0.07268157
0.07837041
0.08467172
0.09484718
0.09098707
0.08676449
0.07525777
0.07990383
0.07169179
0.07023443
0.07061628
0.08994875
0.08564646
0.08021636
0.08203009
0.09300827
0.07482607
0.10044
0.08854547
0.07626669
0.07197768
0.09231212
0.0776074
0.08512757
0.08757124
0.07734698
0.07937566
0.07184914
0.07236915
0.0701412
0.08313137
0.09781102
0.1071411
0.09840511
0.09378271
0.09030229
0.09152575
0.08758728
0.1017943
0.09720303
0.09669905
0.1098416
0.1255702
0.1256412
0.1317842
0.1119897
0.1202088
0.1194731
0.1197069
0.1292586
0.09546731
0.1045978
0.1052052
0.0963206
0.1003527
0.1128256
0.1173871
0.1293653
0.1086358
0.09454285
0.1133129
0.1120329
0.09599114
0.1013306
0.09471679
0.104932
0.1099843
0.10516
0.1251248
0.1230814
0.1164271
0.08927781
0.1119425
0.1207542
0.0968102
0.08972357
0.1015158
0.1163943
0.1108208
0.1094242
0.1121459
0.1270251
0.1217111
0.133599
0.1465031
0.1276867
0.1367869
0.1282673
0.1298061
0.1485252
0.1500503
0.1403987
0.1544723
0.1557144
0.1763497
0.1650099
0.1917494
0.1664211
0.1708172
0.1453731
0.1694257
0.1545436
0.1359356
0.1321711
0.1454545
0.1330624
0.1533871
0.1506883
0.1287739
0.1171606
0.1190447
0.1161533
0.115467
0.112607
0.1289051
0.1268506
0.1208357
0.1073069
0.1228138
0.1271163
0.1215579
0.1290059
0.1338616
0.155379
0.1598548
0.1570463
0.151935
0.1493153
0.147657
0.1554175
0.1479029
0.1428219
0.1473724
0.1627965
0.1626663
0.1581739
0.1487865
0.1516297
0.1461101
0.1330019
0.1233409
0.1140393
0.1084537
0.1078076
0.1001347
0.09864253
0.09912745
0.1109466
0.1046877
0.1030432
0.1029412
0.1260306
0.1003355
0.1106495
0.1043028
0.1319108
0.137265
0.1023818
0.117344
0.09384085
0.1090234
0.1127408
0.1154047
0.1213867
0.1120903
0.1175515
0.1171562
0.1213438
0.1346993
0.133276
0.1330781
0.1374382
0.1416052
0.1653656
0.1547693
0.1792137
0.1688354
0.1807669
0.1862852
0.1598043
0.1628562
0.1526476
0.1576525
0.1390682
0.1396427
0.1391092
0.141032
0.1373187
0.1258073
0.1259655
0.1301852
0.1370813
0.1328632
0.1035352
0.1111064
0.1150517
0.1336118
0.1401836
0.1435923
0.1324267
0.1515542
0.1546075
0.144829
0.1307786
0.1262814
0.1192984
0.1385231
0.1163857
0.1149391
0.1040194
0.1157465
0.1206079
0.1194787
0.1416464
0.1475002
0.1255495
0.1191835
0.1100812
0.09889198
0.1157438
0.1098475
0.09613227
0.1197205
0.1061212
0.114903
0.1338026
0.1436378
0.145719
0.1639943
0.1644585
0.1303625
0.1518277
0.1571304
0.151558
0.1576134
0.162507
0.170208
0.1649733
0.1506138
0.1497904
0.1579102
0.157332
0.1598405
0.1552834
0.1499041
0.1515208
0.1501235
0.1588379
0.1477647
0.1680925
0.1597793
0.1661775
0.1699566
0.1781775
0.1454976
0.1531258
0.1650757
0.1475565
0.1428519
0.1705369
0.1725214
0.1595155
0.1899355
0.2093945
0.1925755
0.1617683
0.156773
0.1401041
0.1719061
0.1724464
0.1467655
0.1110905
0.1159529
0.1082792
0.1100407
0.1110369
0.1048158
0.1305392
0.1286766
0.1188445
0.1200549
0.1013976
0.09865331
0.102527
0.09828628
0.1038382
0.1095002
0.1083972
0.123426
0.1280223
0.118751
0.1225122
0.1048543
0.1061415
0.1209253
0.1148753
0.1331791
0.1245999
0.1204158
0.1312809
0.1394532
0.1288935
0.1156463
0.1144644
0.1369744
0.1389557
0.1187373
0.1112438
0.1157658
0.09916848
0.1089868
0.1209761
0.115093
0.1369395
0.1313349
0.1262439
0.1274426
0.135239
0.1362688
0.1270504
0.1266574
0.1316013
0.1291099
0.1130529
0.1131962
0.112525
0.0943009
0.1096521
0.1100862
0.1165367
0.1104955
0.1118499
0.1185277
0.1114582
0.107639
0.09617275
0.08318132
0.08046
0.09105351
0.09227673
0.09067475
0.08354838
0.08190212
0.09352042
0.07257209
0.08163259
0.08159232
0.07684612
0.0708733
0.06150993
0.06030011
0.07247219
0.06544597
0.05969047
0.0603553
0.06109492
0.05239474
0.05251221
0.05118966
0.05358617
0.048353
0.05170241
0.05009717
0.05107626
0.04993695
0.03907951
0.04547896
0.04378369
0.0522959
0.05002692
0.05432001
0.05657298
0.06442239
0.0630865
0.06036805
0.06829635
0.06671117
0.07049361
0.07815435
0.07368211
0.08260474
0.06686573
0.06625132
0.06803831
0.06695418
0.07078951
0.07880474
0.08133013
0.07896782
0.08684205
0.09612448
0.09499405
0.09407268
0.09471597
0.1017209
0.1010485
0.1063605
0.09512386
0.0883156
0.07969679
0.07659608
0.09088794
0.08687868
0.06769256
0.06410286
0.07125582
0.07034548
0.0732384
0.08598134
0.07725134
0.07251353
0.05725424
0.06790573
0.07051432
0.07411236
0.0851089
0.100694
0.08725138
0.09154665
0.07784427
0.08023141
0.05816499
0.05789264
0.0711859
0.06645917
0.05950375
0.04964638
0.04542064
0.05156945
0.04260099
0.05496419
0.0471031
0.04512255
0.05403179
0.04972985
0.05415609
0.05893764
0.06189584
0.05846929
0.06086691
0.05275995
0.06027791
0.05762417
0.04847745
0.04376071
0.04173093
0.04535605
0.0446857
0.04929385
0.05180933
0.04171978
0.04512081
0.04826547
0.03977542
0.04227694
0.03533701
0.03543477
0.04527843
0.03577571
0.03740355
0.03531949
0.03919725
0.04168474
0.03756421
0.04057514
0.03665379
0.04209635
0.0398501
0.03834928
0.03777023
0.04328948
0.04332042
0.04068938
0.04625532
0.046946
0.04594434
0.04993672
0.03821703
0.04010828
0.03387878
0.03207162
0.03770605
0.04366565
0.03526302
0.03357738
0.03677461
0.03990948
0.03484564
0.03654246
0.04538762
0.04978095
0.04091018
0.04238365
0.04013696
0.04181949
0.04807099
0.05189618
0.05701591
0.05000396
0.05962555
0.06603061
0.05503466
0.05434378
0.06047092
0.05310117
0.05611292
0.06040311
0.0555746
0.05878241
0.06843227
0.06082513
0.06803011
0.07509957
0.07362451
0.06229679
0.05610892
0.06050657
0.05574284
0.06089114
0.06333832
0.0631523
0.0699985
0.06116187
0.06762114
0.0665754
0.05983587
0.05594159
0.05897214
0.05262251
0.05645679
0.0663161
0.0767417
0.0766119
0.07227844
0.08786073
0.06193659
0.06547793
0.0608041
0.06504691
0.06176113
0.06932073
0.06125139
0.06318443
0.07134762
0.08115257
0.08852857
0.08526917
0.09266262
0.108366
0.1192473
0.1435306
0.1328022
0.1132209
0.1074616
