6.706113e-05
6.702795e-05
6.628583e-05
6.621782e-05
6.696128e-05
6.866639e-05
6.878619e-05
6.889269e-05
6.961991e-05
6.971503e-05
6.762396e-05
6.994079e-05
7.155828e-05
7.230661e-05
7.085827e-05
7.007457e-05
6.968561e-05
6.905018e-05
7.050895e-05
7.004535e-05
7.090897e-05
7.132822e-05
7.123569e-05
6.973191e-05
7.184398e-05
7.104239e-05
7.471666e-05
7.76223e-05
7.862912e-05
7.580703e-05
7.684258e-05
7.663389e-05
7.518542e-05
7.376009e-05
7.192587e-05
7.290265e-05
7.412363e-05
7.378028e-05
7.169577e-05
6.771552e-05
6.811262e-05
6.980755e-05
6.920501e-05
6.821525e-05
7.01535e-05
6.943778e-05
6.994786e-05
6.919426e-05
7.118062e-05
7.295507e-05
7.393616e-05
7.320544e-05
7.082081e-05
6.963418e-05
7.007379e-05
6.991182e-05
7.131714e-05
7.166301e-05
7.226259e-05
7.106573e-05
6.964282e-05
7.023198e-05
6.878998e-05
6.705435e-05
6.683651e-05
6.762152e-05
6.701786e-05
6.746772e-05
6.739314e-05
6.664937e-05
6.641557e-05
6.495028e-05
6.665377e-05
6.667386e-05
6.709526e-05
6.533761e-05
6.393264e-05
6.447232e-05
6.516714e-05
6.528836e-05
6.451587e-05
6.648563e-05
6.648658e-05
6.500629e-05
6.576027e-05
6.521547e-05
6.525294e-05
6.416196e-05
6.471861e-05
6.444484e-05
6.417425e-05
6.308647e-05
6.452495e-05
6.30249e-05
6.424172e-05
6.493309e-05
6.460404e-05
6.419882e-05
6.383555e-05
6.357997e-05
6.471258e-05
6.406832e-05
6.41788e-05
6.541594e-05
6.427092e-05
6.521721e-05
6.591274e-05
6.609803e-05
6.77818e-05
6.594151e-05
6.646418e-05
6.589041e-05
6.579779e-05
6.563169e-05
6.553034e-05
6.54393e-05
6.57624e-05
6.506053e-05
6.421267e-05
6.480886e-05
6.50318e-05
6.601153e-05
6.553035e-05
6.701579e-05
6.791579e-05
6.721328e-05
6.530866e-05
6.468879e-05
6.551312e-05
6.786836e-05
6.630316e-05
6.47016e-05
6.508608e-05
6.767416e-05
6.813168e-05
6.619618e-05
6.688744e-05
6.725202e-05
6.675151e-05
6.677873e-05
6.736904e-05
6.730144e-05
6.69503e-05
6.479347e-05
6.505413e-05
6.519768e-05
6.700462e-05
6.615793e-05
6.580694e-05
6.55715e-05
6.496936e-05
6.536654e-05
6.432385e-05
6.297395e-05
6.126737e-05
6.088037e-05
6.127757e-05
6.063364e-05
6.046681e-05
5.949365e-05
6.129733e-05
6.231269e-05
6.225572e-05
6.188394e-05
6.268687e-05
6.091775e-05
5.862649e-05
5.91475e-05
5.960355e-05
6.009866e-05
5.816704e-05
5.64602e-05
5.594128e-05
5.560201e-05
5.634573e-05
5.790417e-05
5.823653e-05
5.820098e-05
5.834041e-05
5.73338e-05
5.717399e-05
5.63161e-05
5.735739e-05
5.637243e-05
5.509123e-05
5.666767e-05
5.461326e-05
5.281765e-05
5.242308e-05
5.18587e-05
5.438849e-05
5.387111e-05
5.35791e-05
5.358083e-05
5.275894e-05
5.262935e-05
5.168377e-05
5.132143e-05
5.209548e-05
5.160261e-05
5.263054e-05
5.22961e-05
5.148919e-05
5.238403e-05
5.182362e-05
5.095785e-05
5.069934e-05
5.162744e-05
5.063381e-05
5.053571e-05
5.109193e-05
5.009814e-05
5.147592e-05
5.139709e-05
5.061173e-05
5.129579e-05
5.152774e-05
5.197503e-05
4.994359e-05
4.940093e-05
4.984509e-05
4.904628e-05
4.912319e-05
4.891344e-05
4.989896e-05
4.939109e-05
4.894399e-05
4.760141e-05
4.66458e-05
4.645742e-05
4.76628e-05
4.789569e-05
4.800067e-05
4.702701e-05
4.81734e-05
4.802034e-05
4.700944e-05
4.695609e-05
4.712073e-05
4.7812e-05
4.819597e-05
4.783899e-05
4.680717e-05
4.616513e-05
4.63747e-05
4.720388e-05
4.675674e-05
4.647692e-05
4.660621e-05
4.539541e-05
4.569914e-05
4.451777e-05
4.52359e-05
4.455723e-05
4.392447e-05
4.448552e-05
4.380513e-05
4.518538e-05
4.626712e-05
4.393541e-05
4.506414e-05
4.554953e-05
4.578651e-05
4.665226e-05
4.5578e-05
4.510695e-05
4.520425e-05
4.576824e-05
4.680191e-05
4.67327e-05
4.589929e-05
4.534107e-05
4.365485e-05
4.373328e-05
4.284394e-05
4.401001e-05
4.329076e-05
4.31409e-05
4.295803e-05
4.286021e-05
4.159361e-05
4.275477e-05
4.287569e-05
4.295863e-05
4.384651e-05
4.372408e-05
4.220289e-05
4.318719e-05
4.321185e-05
4.252993e-05
4.253454e-05
4.305096e-05
4.310301e-05
4.420581e-05
4.532443e-05
4.379788e-05
4.420657e-05
4.318546e-05
4.322378e-05
4.3289e-05
4.363393e-05
4.406164e-05
4.37033e-05
4.334458e-05
4.517678e-05
4.359299e-05
4.272696e-05
4.272911e-05
4.170511e-05
4.0731e-05
4.102066e-05
4.146389e-05
4.13478e-05
4.186271e-05
4.207362e-05
4.216806e-05
4.296117e-05
4.099225e-05
4.078662e-05
4.069572e-05
4.064108e-05
4.103697e-05
4.153547e-05
4.109629e-05
4.14967e-05
4.070298e-05
4.098235e-05
4.172075e-05
4.147708e-05
4.0206e-05
4.093969e-05
4.156509e-05
4.166052e-05
4.12604e-05
4.110578e-05
4.175942e-05
4.105797e-05
4.178005e-05
4.088692e-05
4.018772e-05
4.060152e-05
4.040521e-05
4.093643e-05
4.088414e-05
4.084335e-05
4.195596e-05
4.241964e-05
4.252591e-05
4.14049e-05
4.078117e-05
4.090536e-05
4.033143e-05
4.007847e-05
3.986045e-05
3.988993e-05
4.08282e-05
4.211304e-05
4.291985e-05
4.196072e-05
4.05936e-05
4.091552e-05
4.074129e-05
4.085628e-05
4.014691e-05
4.079251e-05
4.131618e-05
4.230219e-05
4.261637e-05
4.225878e-05
4.217306e-05
4.198994e-05
4.15361e-05
4.271338e-05
4.274743e-05
4.400163e-05
4.361058e-05
4.470062e-05
4.498272e-05
4.489582e-05
4.412766e-05
4.366292e-05
4.474774e-05
4.31176e-05
4.324093e-05
4.403178e-05
4.288219e-05
4.253414e-05
4.192423e-05
4.164644e-05
4.197917e-05
4.101478e-05
4.09035e-05
4.078018e-05
4.130781e-05
4.138234e-05
4.204212e-05
4.255198e-05
4.280703e-05
4.121086e-05
4.248851e-05
4.222509e-05
4.265728e-05
4.314618e-05
4.274482e-05
4.336386e-05
4.378944e-05
4.255366e-05
4.233989e-05
4.318956e-05
4.154702e-05
4.007441e-05
3.901694e-05
3.895625e-05
3.975202e-05
3.940479e-05
3.997312e-05
4.010714e-05
3.958186e-05
4.006403e-05
4.066323e-05
4.074909e-05
4.033914e-05
4.039356e-05
3.996809e-05
3.88578e-05
3.808125e-05
3.858494e-05
3.937054e-05
3.916119e-05
4.014436e-05
4.109785e-05
4.018777e-05
4.072763e-05
4.259202e-05
4.301505e-05
4.342995e-05
4.329876e-05
4.295694e-05
4.42151e-05
4.473239e-05
4.522755e-05
4.671147e-05
4.709755e-05
4.56706e-05
4.452925e-05
4.480839e-05
4.442002e-05
4.391633e-05
4.41582e-05
4.486369e-05
4.455967e-05
4.542851e-05
4.578642e-05
4.586148e-05
4.508534e-05
4.50276e-05
4.263181e-05
4.404231e-05
4.443674e-05
4.401552e-05
4.509394e-05
4.540137e-05
4.50754e-05
4.39369e-05
4.410093e-05
4.481344e-05
4.510227e-05
4.571034e-05
4.505448e-05
4.466904e-05
4.504272e-05
4.491263e-05
4.560983e-05
4.534196e-05
4.520809e-05
4.589262e-05
4.716951e-05
4.784772e-05
4.911778e-05
4.800487e-05
4.799334e-05
4.854996e-05
4.86831e-05
4.840112e-05
4.870577e-05
4.833922e-05
4.775885e-05
4.831559e-05
4.790005e-05
4.855311e-05
4.87391e-05
4.857912e-05
4.888456e-05
4.874109e-05
4.729548e-05
4.724733e-05
4.712922e-05
4.58466e-05
4.560862e-05
4.527965e-05
4.673382e-05
4.614375e-05
4.480664e-05
4.45891e-05
4.469474e-05
4.418278e-05
4.447991e-05
4.516966e-05
4.635773e-05
4.599337e-05
4.61495e-05
4.579969e-05
4.509265e-05
4.485751e-05
4.581882e-05
4.644472e-05
4.578813e-05
4.557905e-05
4.530074e-05
4.535597e-05
4.295418e-05
4.283986e-05
4.25474e-05
4.157436e-05
4.185728e-05
4.086312e-05
4.170328e-05
4.181826e-05
4.358361e-05
4.379726e-05
4.249803e-05
4.261401e-05
4.315366e-05
4.415048e-05
4.408923e-05
4.467823e-05
4.46811e-05
4.460901e-05
4.502657e-05
4.454077e-05
4.664788e-05
4.739189e-05
4.869978e-05
4.933833e-05
4.898839e-05
4.960041e-05
4.945346e-05
4.906252e-05
4.954836e-05
5.003452e-05
4.959158e-05
4.840537e-05
4.893491e-05
4.900882e-05
4.793095e-05
4.76041e-05
4.791864e-05
4.714637e-05
4.503797e-05
4.602014e-05
4.620656e-05
4.719034e-05
4.650436e-05
4.663475e-05
4.741021e-05
4.719797e-05
4.627875e-05
4.378428e-05
4.367833e-05
4.527742e-05
4.511511e-05
4.387317e-05
4.29527e-05
4.433812e-05
4.402038e-05
4.619622e-05
4.660535e-05
4.732917e-05
4.654578e-05
4.744001e-05
4.781755e-05
4.599954e-05
4.631131e-05
4.669964e-05
4.706246e-05
4.759367e-05
4.81951e-05
4.727656e-05
4.837081e-05
4.855406e-05
5.010622e-05
4.994863e-05
4.979675e-05
4.871754e-05
4.678128e-05
4.705239e-05
4.709395e-05
4.577085e-05
4.652966e-05
4.651862e-05
4.554668e-05
4.526712e-05
4.552032e-05
4.547187e-05
4.620153e-05
4.638031e-05
4.61828e-05
4.790374e-05
4.68705e-05
4.635938e-05
4.687839e-05
4.815814e-05
4.763996e-05
4.745741e-05
4.896917e-05
4.940585e-05
4.908797e-05
4.770996e-05
4.746786e-05
4.736274e-05
4.783624e-05
4.822852e-05
4.851734e-05
4.693655e-05
4.764827e-05
4.762908e-05
4.62118e-05
4.688426e-05
4.789166e-05
4.931948e-05
4.848529e-05
4.846852e-05
4.84631e-05
4.860231e-05
4.889755e-05
5.066633e-05
5.252578e-05
5.401948e-05
5.339454e-05
5.237587e-05
5.177261e-05
5.338318e-05
5.317394e-05
5.139015e-05
5.107644e-05
5.086947e-05
5.14796e-05
5.022643e-05
5.228793e-05
5.311036e-05
5.158578e-05
5.257131e-05
5.169706e-05
5.255911e-05
5.303305e-05
5.260217e-05
5.297555e-05
5.46307e-05
5.531554e-05
5.597824e-05
5.503781e-05
5.484511e-05
5.525908e-05
5.54181e-05
5.571108e-05
5.55473e-05
5.667142e-05
5.87739e-05
5.832368e-05
5.907537e-05
6.040868e-05
6.119068e-05
6.173907e-05
6.104572e-05
6.075946e-05
6.029938e-05
6.080114e-05
6.147134e-05
6.328599e-05
6.378058e-05
6.174197e-05
6.131271e-05
6.102111e-05
5.945667e-05
5.980913e-05
5.921396e-05
5.900087e-05
5.765573e-05
5.729476e-05
5.724014e-05
5.69072e-05
5.691466e-05
5.656758e-05
5.589966e-05
5.654216e-05
5.733546e-05
5.647828e-05
5.448567e-05
5.420744e-05
5.423582e-05
5.306856e-05
5.322338e-05
5.132813e-05
5.228219e-05
5.171385e-05
5.031894e-05
4.963749e-05
4.896533e-05
5.088434e-05
5.273603e-05
5.470492e-05
5.396822e-05
5.312198e-05
5.324996e-05
5.362023e-05
5.438006e-05
5.503783e-05
5.593747e-05
5.678828e-05
5.703682e-05
5.77649e-05
5.78916e-05
5.797922e-05
5.761221e-05
5.697408e-05
5.663414e-05
5.643874e-05
5.674935e-05
5.674109e-05
5.628354e-05
5.630643e-05
5.80878e-05
5.784147e-05
5.693388e-05
5.532489e-05
5.598315e-05
5.531924e-05
5.422239e-05
5.526737e-05
5.577329e-05
5.640382e-05
5.427131e-05
5.557045e-05
5.646596e-05
5.588967e-05
5.587256e-05
5.618463e-05
5.36622e-05
5.420145e-05
5.33467e-05
5.230568e-05
5.212127e-05
5.253986e-05
5.252452e-05
5.18829e-05
5.053079e-05
5.239938e-05
5.093909e-05
5.203563e-05
5.240459e-05
5.193674e-05
5.135909e-05
5.238914e-05
5.29791e-05
5.417869e-05
5.213017e-05
5.283949e-05
5.265356e-05
5.316617e-05
5.192839e-05
5.338868e-05
5.35346e-05
5.245141e-05
5.097191e-05
5.206635e-05
5.200495e-05
5.399445e-05
5.44809e-05
5.467899e-05
5.610215e-05
5.388487e-05
5.29939e-05
5.36668e-05
5.370494e-05
5.388316e-05
5.455195e-05
5.462987e-05
5.58119e-05
5.584314e-05
5.672711e-05
5.772978e-05
5.620167e-05
5.664039e-05
5.60016e-05
5.676258e-05
5.449425e-05
5.418661e-05
5.344188e-05
5.328527e-05
5.42042e-05
5.515375e-05
5.534683e-05
5.644423e-05
5.71078e-05
5.67558e-05
5.500561e-05
5.492081e-05
5.55309e-05
5.673204e-05
5.426031e-05
5.555598e-05
5.692046e-05
5.633245e-05
5.541407e-05
5.577764e-05
5.574803e-05
5.583693e-05
5.778469e-05
5.801019e-05
5.894253e-05
5.750308e-05
5.598015e-05
5.60738e-05
5.452526e-05
5.511393e-05
5.45192e-05
5.462109e-05
5.542647e-05
5.496008e-05
5.306992e-05
5.261406e-05
5.215569e-05
5.239422e-05
5.225571e-05
5.212825e-05
5.250946e-05
5.240392e-05
5.272024e-05
5.357431e-05
5.236237e-05
5.211918e-05
5.088388e-05
5.08547e-05
5.087104e-05
5.083478e-05
5.243631e-05
5.292782e-05
5.372377e-05
5.397112e-05
5.270081e-05
5.451237e-05
5.348069e-05
5.587472e-05
5.560853e-05
5.48952e-05
5.442837e-05
5.482193e-05
5.501262e-05
5.381889e-05
5.45116e-05
5.375069e-05
5.396226e-05
5.366005e-05
5.404395e-05
5.615288e-05
5.736578e-05
5.608791e-05
5.687372e-05
5.707349e-05
5.804332e-05
5.83178e-05
5.791268e-05
5.610853e-05
5.579405e-05
5.498211e-05
5.622752e-05
5.626163e-05
5.558968e-05
5.739001e-05
5.641154e-05
5.686432e-05
5.714475e-05
5.700472e-05
5.609577e-05
5.687922e-05
5.747851e-05
5.758733e-05
5.823238e-05
5.811283e-05
5.807397e-05
5.818365e-05
5.747744e-05
5.690861e-05
5.771758e-05
5.935748e-05
6.077765e-05
5.977695e-05
5.895056e-05
5.945114e-05
5.9076e-05
5.811616e-05
5.744861e-05
5.670479e-05
5.600311e-05
5.545594e-05
5.524889e-05
5.421677e-05
5.481429e-05
5.593039e-05
5.494038e-05
5.433767e-05
5.371624e-05
5.301875e-05
5.234725e-05
5.246927e-05
5.176875e-05
5.230952e-05
5.390504e-05
5.522524e-05
5.376096e-05
5.496992e-05
5.545689e-05
5.452324e-05
5.213413e-05
5.054762e-05
5.132007e-05
5.272133e-05
5.230914e-05
5.432302e-05
5.441075e-05
5.382972e-05
5.446212e-05
5.492559e-05
5.427303e-05
5.465528e-05
5.484068e-05
5.641256e-05
5.725601e-05
5.801556e-05
5.743017e-05
5.754913e-05
5.687818e-05
5.489558e-05
5.452401e-05
5.37493e-05
5.534505e-05
5.473031e-05
5.474565e-05
5.489155e-05
5.558867e-05
5.575106e-05
5.661057e-05
5.498178e-05
5.475192e-05
5.503863e-05
5.55168e-05
5.753164e-05
5.828815e-05
5.87838e-05
5.770881e-05
5.837244e-05
5.983552e-05
6.222719e-05
6.436008e-05
6.391459e-05
6.515229e-05
6.719189e-05
6.619115e-05
6.61156e-05
6.484832e-05
6.434378e-05
6.440374e-05
6.389368e-05
6.354153e-05
6.203423e-05
6.129493e-05
6.131882e-05
5.923776e-05
5.742405e-05
5.712232e-05
6.007145e-05
6.021166e-05
5.940618e-05
5.912243e-05
6.036106e-05
6.022737e-05
5.882289e-05
5.886582e-05
5.956182e-05
6.066095e-05
6.309336e-05
6.285371e-05
6.186849e-05
6.283741e-05
6.273541e-05
6.267723e-05
6.385964e-05
6.430254e-05
6.417932e-05
6.507493e-05
6.284978e-05
6.146652e-05
6.182098e-05
6.261291e-05
6.351621e-05
6.319781e-05
6.298408e-05
6.325989e-05
6.183847e-05
6.168825e-05
6.139803e-05
6.168029e-05
6.351603e-05
6.329322e-05
6.258533e-05
6.308003e-05
6.323704e-05
6.208914e-05
6.242339e-05
6.280995e-05
6.243382e-05
6.195344e-05
6.105363e-05
6.193948e-05
6.080744e-05
6.016121e-05
6.020119e-05
5.855084e-05
5.999262e-05
6.132589e-05
6.217229e-05
6.340652e-05
6.308209e-05
6.223387e-05
6.345556e-05
6.416384e-05
6.36104e-05
6.322463e-05
6.163551e-05
6.150665e-05
6.137848e-05
6.092701e-05
6.21548e-05
6.292695e-05
6.340955e-05
6.396489e-05
6.488751e-05
6.439882e-05
6.342117e-05
6.28277e-05
6.270753e-05
6.178604e-05
6.227976e-05
6.204422e-05
6.247871e-05
6.09044e-05
5.823954e-05
5.720421e-05
5.954703e-05
5.958194e-05
5.668149e-05
5.56753e-05
5.745856e-05
5.682003e-05
5.555184e-05
5.473182e-05
5.29339e-05
5.350254e-05
5.489672e-05
5.620061e-05
5.310244e-05
5.298411e-05
5.466483e-05
5.446952e-05
5.385462e-05
5.430392e-05
5.401581e-05
5.237826e-05
5.228511e-05
5.247881e-05
5.151443e-05
5.28371e-05
5.473484e-05
5.355769e-05
5.265098e-05
5.152196e-05
5.17338e-05
5.208588e-05
5.188407e-05
5.319719e-05
5.462183e-05
5.509246e-05
5.45764e-05
5.582932e-05
5.531406e-05
5.384988e-05
5.289484e-05
5.29191e-05
5.430271e-05
5.433531e-05
5.541632e-05
5.656948e-05
5.610182e-05
5.657753e-05
5.709325e-05
5.59443e-05
5.689735e-05
5.757921e-05
5.881164e-05
5.884485e-05
5.829238e-05
5.982522e-05
6.165203e-05
6.080721e-05
6.249744e-05
6.338437e-05
6.316749e-05
6.314841e-05
6.341575e-05
6.259806e-05
6.255755e-05
6.020795e-05
5.969362e-05
5.96977e-05
5.977034e-05
6.028556e-05
6.012576e-05
6.08368e-05
6.190011e-05
6.291484e-05
6.559284e-05
6.569443e-05
6.544239e-05
6.587713e-05
6.602837e-05
6.742192e-05
6.670434e-05
6.617083e-05
6.609837e-05
6.76154e-05
6.706462e-05
6.638263e-05
6.744466e-05
6.695224e-05
6.56523e-05
6.663907e-05
6.763281e-05
6.793985e-05
6.964414e-05
6.948342e-05
6.862653e-05
6.905374e-05
6.940418e-05
6.780503e-05
6.733555e-05
6.8123e-05
6.783925e-05
6.819033e-05
6.766169e-05
6.711505e-05
6.441644e-05
6.423727e-05
6.45044e-05
6.646444e-05
6.840012e-05
6.844339e-05
6.853335e-05
6.64836e-05
6.652034e-05
6.45722e-05
6.372966e-05
6.596206e-05
6.548488e-05
6.382396e-05
6.287066e-05
6.137702e-05
6.025533e-05
5.905866e-05
6.053531e-05
6.005345e-05
5.982551e-05
5.848064e-05
6.000654e-05
5.90913e-05
5.748332e-05
5.724212e-05
5.708517e-05
5.676167e-05
5.714547e-05
5.737564e-05
5.728057e-05
5.791239e-05
5.632517e-05
5.518685e-05
5.711057e-05
5.72754e-05
5.791117e-05
5.591606e-05
5.557576e-05
5.748684e-05
5.866738e-05
5.921354e-05
6.113523e-05
6.395757e-05
6.487005e-05
6.35901e-05
6.425701e-05
6.370915e-05
6.373064e-05
6.248478e-05
6.374804e-05
6.545786e-05
6.489182e-05
6.504878e-05
6.445052e-05
6.471109e-05
6.51052e-05
6.552638e-05
6.588938e-05
6.459605e-05
6.459758e-05
6.384477e-05
6.363271e-05
6.519028e-05
6.411601e-05
6.395525e-05
6.403042e-05
6.508041e-05
6.505752e-05
6.488736e-05
6.691234e-05
6.597636e-05
6.372486e-05
6.367595e-05
6.231584e-05
6.317654e-05
6.269427e-05
6.003482e-05
5.927166e-05
6.087202e-05
6.043356e-05
6.146814e-05
6.233487e-05
6.289676e-05
6.251882e-05
6.031704e-05
6.064762e-05
6.038455e-05
6.056841e-05
5.96341e-05
5.890448e-05
6.022732e-05
6.110158e-05
6.07371e-05
6.171782e-05
5.965932e-05
5.718433e-05
5.833966e-05
6.068593e-05
5.931131e-05
5.96225e-05
5.97739e-05
6.080074e-05
6.1466e-05
6.227507e-05
6.267232e-05
6.044023e-05
5.935715e-05
5.869551e-05
5.994736e-05
5.83371e-05
5.856557e-05
5.909711e-05
5.954667e-05
5.823468e-05
5.718144e-05
5.824032e-05
5.539172e-05
5.560693e-05
5.658336e-05
5.688225e-05
5.586829e-05
5.535478e-05
5.524398e-05
5.65676e-05
5.499606e-05
5.6076e-05
5.67987e-05
5.87948e-05
6.033656e-05
6.230103e-05
6.395245e-05
6.265306e-05
6.241244e-05
6.272856e-05
6.420654e-05
6.617172e-05
6.446582e-05
6.431221e-05
6.324324e-05
6.234321e-05
6.161365e-05
6.164246e-05
6.079675e-05
6.142485e-05
6.074099e-05
6.016629e-05
6.246764e-05
6.421917e-05
6.316494e-05
6.339605e-05
6.426173e-05
6.5649e-05
6.543611e-05
6.692959e-05
6.61275e-05
6.471396e-05
6.473435e-05
6.227611e-05
6.277952e-05
6.27187e-05
6.300535e-05
6.309049e-05
6.223893e-05
6.150543e-05
6.138269e-05
6.095789e-05
6.261214e-05
6.238553e-05
6.380524e-05
6.37944e-05
6.399522e-05
6.772815e-05
6.789736e-05
6.820126e-05
6.754846e-05
6.829545e-05
7.033092e-05
7.015311e-05
7.000313e-05
6.826145e-05
6.963912e-05
6.944143e-05
6.96909e-05
7.112119e-05
7.052778e-05
7.212545e-05
7.176774e-05
7.212384e-05
7.213044e-05
7.571946e-05
7.567718e-05
7.638298e-05
7.835094e-05
7.729002e-05
7.921168e-05
8.023641e-05
8.062467e-05
8.071222e-05
8.017431e-05
7.966383e-05
7.87431e-05
7.780291e-05
7.632797e-05
7.55762e-05
7.582644e-05
7.468425e-05
7.696816e-05
7.670346e-05
7.669058e-05
7.547934e-05
7.400771e-05
7.451826e-05
7.266315e-05
7.04194e-05
7.082798e-05
7.002871e-05
6.878392e-05
7.008377e-05
7.21683e-05
7.17952e-05
7.320369e-05
7.388082e-05
7.734321e-05
7.535068e-05
7.579828e-05
7.636713e-05
7.515994e-05
7.507604e-05
7.698998e-05
7.595567e-05
7.596914e-05
7.575153e-05
7.496029e-05
7.558003e-05
7.465516e-05
7.49565e-05
7.394021e-05
7.386485e-05
7.296091e-05
7.170415e-05
7.286876e-05
7.193209e-05
7.130577e-05
7.103919e-05
6.898151e-05
6.90699e-05
6.927644e-05
6.974787e-05
6.911243e-05
6.813969e-05
6.640668e-05
6.666995e-05
6.620954e-05
6.542112e-05
6.439152e-05
6.263859e-05
6.105586e-05
6.066201e-05
6.147252e-05
6.148313e-05
5.906319e-05
5.845975e-05
6.117841e-05
6.314674e-05
6.340457e-05
6.448365e-05
6.541859e-05
6.517333e-05
6.55114e-05
6.710171e-05
6.64141e-05
6.709481e-05
6.575967e-05
6.641086e-05
6.854298e-05
6.912643e-05
6.813058e-05
6.830783e-05
6.76559e-05
6.77903e-05
6.604759e-05
6.980698e-05
6.93801e-05
6.832795e-05
6.791153e-05
6.907674e-05
6.859737e-05
6.817135e-05
6.841239e-05
6.939673e-05
7.097571e-05
7.149286e-05
6.991018e-05
7.151024e-05
7.204684e-05
7.11314e-05
7.013412e-05
6.977292e-05
7.127351e-05
7.249781e-05
7.020741e-05
6.960636e-05
7.016478e-05
6.936522e-05
7.328894e-05
7.386324e-05
7.395019e-05
7.381954e-05
7.623924e-05
7.550651e-05
7.738998e-05
7.866552e-05
7.826136e-05
7.9006e-05
8.117406e-05
8.092908e-05
8.132623e-05
8.006129e-05
7.844725e-05
7.900554e-05
7.940028e-05
7.804849e-05
7.947246e-05
8.160574e-05
8.117481e-05
8.114474e-05
8.043047e-05
8.114133e-05
8.198816e-05
8.189945e-05
8.091026e-05
7.945119e-05
7.989904e-05
8.102943e-05
8.153677e-05
7.89966e-05
7.899049e-05
7.879142e-05
7.86258e-05
7.720717e-05
7.841614e-05
7.842136e-05
7.926021e-05
8.02467e-05
7.988316e-05
7.973005e-05
7.705516e-05
7.774053e-05
7.800029e-05
7.714776e-05
7.567485e-05
7.975572e-05
7.810172e-05
7.664496e-05
7.682907e-05
7.766665e-05
7.895136e-05
7.816899e-05
7.724764e-05
7.529584e-05
7.795881e-05
7.605883e-05
7.763861e-05
7.800089e-05
7.982352e-05
7.902869e-05
8.076177e-05
7.761399e-05
7.671575e-05
7.768952e-05
7.874586e-05
7.954844e-05
7.890241e-05
7.878963e-05
7.804906e-05
7.829897e-05
7.847886e-05
7.795675e-05
7.941518e-05
7.894312e-05
7.921565e-05
7.763937e-05
7.760948e-05
7.599506e-05
7.645764e-05
7.40676e-05
7.414323e-05
7.34811e-05
7.394172e-05
7.236853e-05
7.263162e-05
7.053071e-05
7.125562e-05
7.167677e-05
7.139241e-05
7.001289e-05
6.816088e-05
6.724259e-05
6.740641e-05
6.940339e-05
6.963736e-05
6.933931e-05
7.018175e-05
7.126858e-05
7.185286e-05
7.270556e-05
7.138938e-05
7.308727e-05
7.188769e-05
7.172277e-05
7.31482e-05
7.244282e-05
7.125406e-05
7.235871e-05
7.340464e-05
7.217881e-05
7.289171e-05
7.186257e-05
6.947215e-05
7.038131e-05
7.169072e-05
7.121461e-05
7.079128e-05
7.132365e-05
7.025475e-05
6.9534e-05
6.957505e-05
6.887659e-05
6.921353e-05
7.205839e-05
7.225011e-05
7.294279e-05
7.215087e-05
7.306011e-05
7.343492e-05
7.432568e-05
7.510764e-05
7.285592e-05
7.318034e-05
7.349359e-05
7.352772e-05
7.21526e-05
7.076345e-05
7.000918e-05
7.06922e-05
6.9186e-05
6.912886e-05
7.121315e-05
7.157354e-05
7.138977e-05
7.0549e-05
6.954101e-05
6.989117e-05
6.640944e-05
6.570774e-05
6.386239e-05
6.356241e-05
6.28047e-05
6.442076e-05
6.312242e-05
6.350224e-05
6.257676e-05
6.163228e-05
6.019565e-05
6.016585e-05
6.028372e-05
6.18869e-05
6.101148e-05
6.143533e-05
6.205373e-05
6.393537e-05
6.250332e-05
6.184637e-05
6.16019e-05
6.246857e-05
6.501526e-05
6.575792e-05
6.893027e-05
6.924391e-05
6.914574e-05
6.825824e-05
6.887524e-05
6.931868e-05
7.170496e-05
6.921922e-05
6.786423e-05
6.607449e-05
6.606054e-05
6.826221e-05
6.657135e-05
6.612022e-05
6.589746e-05
6.516057e-05
6.453736e-05
6.593141e-05
6.501126e-05
6.416413e-05
6.405889e-05
6.434491e-05
6.176896e-05
6.096933e-05
6.043856e-05
6.113693e-05
6.034156e-05
6.164854e-05
6.004803e-05
6.115205e-05
6.114389e-05
5.953737e-05
6.132576e-05
6.139387e-05
6.135317e-05
6.082174e-05
6.068577e-05
5.983072e-05
5.978537e-05
5.849354e-05
5.888291e-05
5.747293e-05
5.656101e-05
5.59114e-05
5.687062e-05
5.627837e-05
5.651329e-05
5.474937e-05
5.526254e-05
5.780714e-05
5.906087e-05
5.883025e-05
5.920247e-05
5.968455e-05
6.130125e-05
6.217422e-05
6.184607e-05
6.109071e-05
6.154914e-05
6.353826e-05
6.442501e-05
6.424489e-05
6.481322e-05
6.553059e-05
6.737294e-05
6.740874e-05
6.510133e-05
6.351318e-05
6.471286e-05
6.771551e-05
6.635982e-05
6.864141e-05
6.861565e-05
6.940781e-05
6.798438e-05
6.796153e-05
6.968912e-05
6.983288e-05
7.152054e-05
7.25612e-05
7.321278e-05
7.40794e-05
7.285994e-05
7.286518e-05
7.148495e-05
7.199253e-05
6.89301e-05
6.570257e-05
6.631123e-05
6.770332e-05
6.78728e-05
6.787401e-05
6.709889e-05
6.853828e-05
6.635551e-05
6.611781e-05
6.583031e-05
6.65935e-05
6.793036e-05
6.849708e-05
6.704635e-05
6.744491e-05
6.962485e-05
6.941007e-05
6.933479e-05
7.150891e-05
6.960527e-05
6.843295e-05
6.649946e-05
6.516828e-05
6.472216e-05
6.477712e-05
6.534014e-05
6.724113e-05
6.680609e-05
6.586401e-05
6.874606e-05
7.110883e-05
7.033224e-05
7.330057e-05
7.253665e-05
7.225466e-05
7.116937e-05
7.169049e-05
7.110758e-05
7.307155e-05
7.157386e-05
7.121706e-05
7.222339e-05
6.960288e-05
6.920749e-05
6.835871e-05
6.610223e-05
6.634752e-05
6.806259e-05
6.627917e-05
6.544093e-05
6.657369e-05
6.600089e-05
6.511945e-05
6.725507e-05
6.693999e-05
6.687508e-05
6.563189e-05
6.758169e-05
6.616806e-05
6.543307e-05
6.65838e-05
6.740577e-05
6.588878e-05
6.640249e-05
6.98443e-05
7.159854e-05
7.177538e-05
7.305945e-05
7.240442e-05
7.223787e-05
7.007381e-05
6.76375e-05
6.521283e-05
6.351618e-05
6.337981e-05
6.224347e-05
6.408301e-05
6.572732e-05
6.483244e-05
6.357153e-05
6.52479e-05
6.656168e-05
6.615723e-05
6.412031e-05
6.295913e-05
6.17118e-05
5.913594e-05
5.947597e-05
5.898642e-05
5.884117e-05
5.950823e-05
6.073169e-05
6.089527e-05
6.065544e-05
6.071641e-05
5.892124e-05
5.916473e-05
5.800173e-05
5.961197e-05
5.918897e-05
6.096584e-05
6.221853e-05
6.187471e-05
6.046366e-05
6.067779e-05
6.019084e-05
5.895432e-05
5.765026e-05
5.766515e-05
5.806292e-05
6.037369e-05
5.988724e-05
6.060897e-05
5.874356e-05
6.020712e-05
6.033031e-05
6.11101e-05
6.14393e-05
6.134769e-05
6.211145e-05
6.257055e-05
6.269235e-05
6.266165e-05
6.265157e-05
6.296633e-05
6.386877e-05
6.233968e-05
5.989824e-05
5.976579e-05
5.906082e-05
5.899025e-05
5.895778e-05
5.831821e-05
5.884637e-05
5.98926e-05
5.920072e-05
5.908157e-05
5.781301e-05
5.800905e-05
5.771247e-05
5.610303e-05
5.631786e-05
5.514628e-05
5.435006e-05
5.36284e-05
5.431554e-05
5.300639e-05
5.190341e-05
5.15204e-05
5.259225e-05
5.198232e-05
5.221776e-05
5.387829e-05
5.373544e-05
5.409322e-05
5.577025e-05
5.562477e-05
5.4907e-05
5.567341e-05
5.587916e-05
5.540633e-05
5.54014e-05
5.55983e-05
5.46835e-05
5.40907e-05
5.58031e-05
5.693068e-05
5.844516e-05
5.901632e-05
5.830447e-05
5.881721e-05
5.845512e-05
5.841708e-05
5.888573e-05
5.932284e-05
5.907086e-05
5.684134e-05
5.477427e-05
5.519001e-05
5.380408e-05
5.319018e-05
5.285155e-05
5.250124e-05
5.211273e-05
5.128809e-05
5.05341e-05
5.101844e-05
5.064672e-05
5.204191e-05
5.192649e-05
5.284098e-05
5.314157e-05
5.458666e-05
5.464576e-05
5.393884e-05
5.414023e-05
5.29441e-05
5.416066e-05
5.437448e-05
5.413175e-05
5.331558e-05
5.325716e-05
5.401508e-05
5.290542e-05
5.171308e-05
5.163997e-05
5.211533e-05
5.252421e-05
5.182935e-05
4.937771e-05
5.016529e-05
4.947847e-05
5.176767e-05
5.235782e-05
5.091464e-05
5.157511e-05
5.088501e-05
5.116827e-05
4.999369e-05
5.083976e-05
5.08868e-05
4.981966e-05
5.070445e-05
5.049808e-05
5.009854e-05
4.973569e-05
4.968848e-05
4.827794e-05
4.889335e-05
4.756463e-05
4.766743e-05
4.871151e-05
4.823466e-05
4.923312e-05
4.936787e-05
4.849794e-05
4.856864e-05
4.81721e-05
4.755873e-05
4.856852e-05
4.823735e-05
4.864511e-05
4.816537e-05
4.720395e-05
4.608418e-05
4.658976e-05
4.571123e-05
4.583232e-05
4.599142e-05
4.700115e-05
4.70855e-05
4.823093e-05
4.819493e-05
4.719472e-05
4.675664e-05
4.562969e-05
4.532813e-05
4.578687e-05
4.527715e-05
4.469408e-05
4.474721e-05
4.380466e-05
4.394491e-05
4.373974e-05
4.505089e-05
4.433909e-05
4.401432e-05
4.335525e-05
4.236509e-05
4.266184e-05
4.246014e-05
4.250749e-05
4.171749e-05
4.126259e-05
4.15906e-05
