0.6917045
0.6095377
0.6092161
0.450879
0.5111873
0.4467748
0.5893192
0.6126759
0.5341359
0.569222
0.5116999
0.538589
0.5123581
0.5496699
0.5715408
0.6390596
0.6405924
0.60279
0.5615849
0.5679956
0.4587098
0.4087414
0.3577488
0.3914939
0.3984844
0.3444807
0.3734527
0.3716187
0.3114401
0.2404687
0.2417168
0.2574523
0.2892771
0.283042
0.2913267
0.2254136
0.2812072
0.2917621
0.3370806
0.3641832
0.3903491
0.4814184
0.515824
0.5220736
0.5503139
0.606931
0.7211361
0.7387509
0.7358936
0.7079515
0.922195
0.8122377
0.7750265
0.7564882
0.6074678
0.5088939
0.5588375
0.5471387
0.4049799
0.5341253
0.6434036
0.5384316
0.380928
0.3671091
0.4355089
0.4171617
0.3716261
0.4458288
0.4694581
0.4887738
0.4541758
0.4109218
0.5240579
0.356779
0.3307667
0.3399458
0.3767265
0.4109818
0.4147064
0.4369919
0.4162887
0.4966612
0.4145617
0.4141932
0.5827647
0.6381873
0.6987005
0.6527147
0.6363447
0.5570393
0.6344096
0.5336494
0.5846303
0.6182506
0.6286675
0.864993
0.7208176
0.5951277
0.4947481
0.4565654
0.584959
0.4780417
0.4984602
0.5054858
0.50629
0.4402006
0.5374788
0.4657413
0.4834416
0.5297461
0.5052707
0.4361265
0.4318618
0.3943209
0.3918086
0.3252966
0.3077019
0.287426
0.2739417
0.3339781
0.4117746
0.4832406
0.5812323
0.7070403
0.5999264
0.6060557
0.5517091
0.5012942
0.4830947
0.4600517
0.4606951
0.5584777
0.589487
0.6874948
0.6692587
0.9004002
0.7760465
0.7908398
0.7353042
0.6469608
0.6852946
0.7895878
0.8191602
0.7739137
0.8403582
0.8210315
0.8887311
0.7244747
0.5825176
0.6385468
0.8028086
0.7469558
0.7322204
0.638185
0.6103705
0.5175889
0.5192844
0.4865308
0.420297
0.3513473
0.3798482
0.440151
0.5366957
0.5309021
0.4838912
0.4397759
0.423231
0.3825165
0.3665373
0.3853004
0.3932929
0.4309637
0.4420486
0.3861992
0.298068
0.38489
0.3708724
0.2503924
0.21688
0.2523191
0.2689969
0.2945036
0.316292
0.326446
0.3322274
0.3909353
0.3700556
0.3734888
0.4589893
0.5121582
0.5452525
0.6572146
0.7196117
0.8473227
0.7642001
0.6521047
0.7719664
0.7441508
0.6405579
0.6382584
0.6258678
0.5634601
0.6567792
0.7199762
0.7713638
0.769762
0.8419158
1.057759
0.8429187
0.6104954
0.4657889
0.5110852
0.7692577
0.6866627
0.5458593
0.4842162
0.4910847
0.5526378
0.4228666
0.3834902
0.3071833
0.3071636
0.3498394
0.3373718
0.3359992
0.4075793
0.3455858
0.3355385
0.4027298
0.4434974
0.5115166
0.5013575
0.4823824
0.5093852
0.4873136
0.47602
0.5087638
0.6911866
0.8090598
0.8676836
0.761287
0.6851986
0.9394068
1.108795
1.089001
1.13036
0.9717316
1.017592
0.8112687
0.9302456
0.7774606
1.038901
0.7951548
0.5578685
0.5876586
0.5276728
0.4834664
0.5209561
0.4497598
0.5534527
0.6171125
0.5171863
0.5265139
0.5473347
0.3962179
0.3769198
0.3365865
0.2990148
0.3360955
0.4637069
0.4140057
0.4764645
0.4025077
0.3884328
0.3582035
0.3782603
0.3362404
0.4801168
0.4224386
0.4113388
0.3623749
0.3863653
0.4302298
0.4173726
0.3767645
0.4290211
0.3923628
0.4912832
0.4615777
0.4452608
0.3982274
0.5220491
0.5097035
0.5666158
0.5350794
0.6190842
0.4264121
0.3783803
0.4170837
0.4192764
0.4750877
0.554409
0.4876341
0.5741455
0.6233863
0.601593
0.6163187
0.4379334
0.4700725
0.5439192
0.4011545
0.4398823
0.4963561
0.5032554
0.4583883
0.5227801
0.5887821
0.5481417
0.4419261
0.4027493
0.4137889
0.4867647
0.4243894
0.4719991
0.4291181
0.4169655
0.4767066
0.5241361
0.5127551
0.3907494
0.3939591
0.3685064
0.3547297
0.3508362
0.2936747
0.292999
0.309739
0.3248054
0.3849189
0.3707033
0.294563
0.3318902
0.3824992
0.384401
0.3719056
0.3306697
0.3571673
0.3796784
0.3123108
0.3262449
0.417857
0.3646698
0.3576181
0.3138108
0.3473123
0.4681982
0.4541141
0.4625413
0.5164262
0.586185
0.5364051
0.5525218
0.5385982
0.6195746
0.7118199
0.7073001
0.7563832
0.6588047
0.6078906
0.6746941
0.5908285
0.4707532
0.4428382
0.4102284
0.4176017
0.4421327
0.4792333
0.6278821
0.5568756
0.4784245
0.4738446
0.4449165
0.4382099
0.586906
0.5285059
0.4731276
0.4603926
0.400431
0.3712256
0.3306049
0.3328352
0.4154686
0.4496145
0.5168161
0.5072579
0.5217975
0.5930258
0.5590964
0.6728962
0.5597861
0.5567244
0.4956502
0.4812316
0.5422231
0.6349652
0.6112428
0.682757
0.6341897
0.5814153
0.501461
0.4961473
0.57038
0.5988665
0.5390421
0.4205091
0.4049995
0.4305746
0.4029723
0.4123462
0.420245
0.3352982
0.3805098
0.3969836
0.335437
0.2881093
0.4024772
0.4218283
0.4598901
0.3828691
0.4804544
0.4914095
0.3914051
0.4011313
0.4778022
0.5008679
0.4134419
0.5305806
0.5226507
0.5379792
0.4440364
0.4776685
0.4494889
0.4331917
0.3948003
0.4181591
0.401753
0.3452242
0.3058586
0.2614421
0.2812044
0.2956968
0.2685498
0.3161134
0.3418584
0.3819283
0.4077089
0.3927928
0.4450405
0.4447617
0.3602595
0.4530925
0.4049053
0.455319
0.5266305
0.5336609
0.4820401
0.4807239
0.4150491
0.4324166
0.3811666
0.4354897
0.4803473
0.5042737
0.4920589
0.4876163
0.4055986
0.3926374
0.4132837
0.5226699
0.4629178
0.4457069
0.4322156
0.3945804
0.407346
0.4435026
0.516501
0.536669
0.4437015
0.4398362
0.5085789
0.6193849
0.7033204
0.6336326
0.4600708
0.4435448
0.3688962
0.4427996
0.4561619
0.4943616
0.5119231
0.5286002
0.3886814
0.3529518
0.3171153
0.3153081
0.311156
0.2966362
0.284416
0.3216534
0.3274057
0.3588493
0.3332592
0.4032829
0.4139298
0.3469457
0.366986
0.4334264
0.3075722
0.3903924
0.3121324
0.3322378
0.3579881
0.5073718
0.6525676
0.6199881
0.5971864
0.6767195
0.7219896
0.7283095
0.9183348
0.7608899
0.8328292
0.7663475
0.7797135
0.8309464
0.8037631
0.8964329
0.8306099
0.6709698
0.7907971
0.9641815
0.9104819
0.9234859
0.754442
0.9315479
0.8897381
0.8693978
0.7957774
0.6392484
0.6410305
0.7329832
0.6240933
0.5524283
0.5613694
0.5707172
0.5856297
0.5837939
0.5661847
0.6216093
0.6424021
0.6770073
0.7480047
0.6891704
0.5950128
0.7692625
0.7024246
0.6748296
0.7575742
0.6048707
0.630827
0.5711605
0.7004111
0.7918742
0.9915549
0.9035463
1.003913
0.9992705
0.8481645
0.6805134
0.7676003
0.6542961
0.6949868
0.7939639
0.8652393
0.7741933
0.5922904
0.5262296
0.5301228
0.6328385
0.6622821
0.6810906
0.7202417
0.8078775
0.7521776
0.6517616
0.6556673
0.6877911
0.7036693
0.6133127
0.6489724
0.6868831
0.8962273
1.056635
1.138396
1.002868
0.9655183
0.9988288
1.038875
0.760135
0.8034126
0.7994755
0.7704324
0.7936733
0.7475821
0.6511652
0.7093324
0.8646936
0.8494736
0.7850699
0.8718177
1.047183
0.8481508
0.7335948
0.8275539
0.8804587
0.8246002
0.7537903
0.5630592
0.490563
0.511259
0.5102316
0.5768013
0.5467997
0.5249143
0.5171184
0.4974778
0.4567526
0.5425599
0.5831263
0.5040242
0.5306444
0.6293003
0.5782405
0.6395053
0.7756015
0.7111571
0.7360137
0.6313483
0.7671667
0.6978963
0.6140551
0.6305212
0.6121376
0.6390515
0.5067733
0.4736195
0.4402221
0.4418547
0.608741
0.6059136
0.5725181
0.7283568
0.6639162
0.6594152
0.680009
0.6573558
0.6461742
0.5631659
0.5140984
0.7760024
0.7184687
0.7864122
0.8044812
0.6571514
0.6872483
0.5712037
0.5684042
0.4660961
0.3849644
0.3636556
0.4644065
0.4493073
0.4920451
0.652945
0.6333734
0.5785631
0.5905933
0.644432
0.5651691
0.6720637
0.5800468
0.6666045
0.8079381
0.7847409
0.6819325
0.5497381
0.5600346
0.59458
0.604698
0.6092612
0.5310431
0.4540299
0.4664861
0.4409288
0.4248206
0.3646852
0.2975857
0.3962475
0.4279217
0.4229455
0.363012
0.373707
0.4077285
0.3784275
0.3176098
0.3200894
0.3118574
0.4017634
0.3545142
0.3287502
0.3440428
0.3400266
0.2959124
0.32265
0.3108501
0.325342
0.2386183
0.259517
0.2945767
0.3338174
0.3905027
0.4962569
0.5794333
0.5788243
0.594418
0.7057384
0.8279643
0.6731768
0.6595131
0.6497635
0.5621212
0.5710121
0.5740329
0.5913589
0.4952359
0.4547783
0.4096674
0.4180992
0.3762067
0.3537552
0.3248803
0.3887074
0.3278201
0.3228144
0.2898294
0.3561857
0.3661329
0.3477689
0.4030081
0.4582662
0.4183594
0.4756843
0.4460566
0.5173889
0.4363227
0.4749908
0.3787748
0.3465064
0.3464159
0.3295347
0.4283095
0.5043399
0.5426473
0.5875178
0.4931474
0.5507991
0.4625562
0.48528
0.3938042
0.3626332
0.3210684
0.3841276
0.3330157
0.2896954
0.2897723
0.3027013
0.3308504
0.3978217
0.3805287
0.376281
0.3225946
0.4007916
0.4427736
0.4524517
0.4964868
0.5397096
0.5263812
0.5953563
0.6450537
0.8327178
0.8546564
0.8973541
0.8665753
0.7845761
0.7400003
0.635733
0.5693608
0.5881826
0.5717747
0.5335622
0.4845142
0.5766494
0.698371
0.6325608
0.6953652
0.8754476
0.8077162
0.8775262
0.7899231
0.7526921
0.7728519
0.8388866
0.6419842
0.5468765
0.4635725
0.5273442
0.4089963
0.4332725
0.4449374
0.4013866
0.3330556
0.2941502
0.3371018
0.2850529
0.3695345
0.3560387
0.433985
0.4724711
0.4722289
0.5135762
0.6259331
0.5967432
0.551416
0.5901612
0.6627212
0.6158782
0.5584572
0.5514862
0.5319585
0.5807481
0.631182
0.7314212
0.7233362
0.7265762
0.7389195
0.8318304
0.7610928
0.8492397
0.7462794
0.6472136
0.7387897
0.7297669
0.6583533
0.6345228
0.6295494
0.6221033
0.6767656
0.7026213
0.619868
0.5830246
0.525761
0.5313472
0.5793702
0.6934432
0.7064574
0.6251791
0.5218823
0.4749394
0.4001992
0.434785
0.3319219
0.3187397
0.2773018
0.2818836
0.2711485
0.3278762
0.3320154
0.3275435
0.3857391
0.3793607
0.3447553
0.4075194
0.3573491
0.2903383
0.2876993
0.2961688
0.3130351
0.3371705
0.335815
0.3259213
0.4376315
0.4684948
0.4622307
0.4049808
0.493658
0.4956616
0.5976118
0.610704
0.5947315
0.700893
0.6647176
0.6204394
0.6235479
0.6557161
0.651748
0.7082844
0.6552068
0.437601
0.5319411
0.4767181
0.4492071
0.3716639
0.3592758
0.4147731
0.3689628
0.3673182
0.3899055
0.2939404
0.2871689
0.2942393
0.321724
0.3178028
0.4721816
0.6403191
0.5992134
0.5789964
0.6770164
0.6292803
0.5006248
0.4102863
0.4208427
0.4208206
0.4864264
0.6196403
0.7577502
0.7050751
0.530562
0.5422033
0.4792717
0.4788677
0.49991
0.7668145
0.6295845
0.5647654
0.4538484
0.4368735
0.5076475
0.6296013
0.6757754
0.6446486
0.7463073
1.033522
0.9810068
0.8015028
0.9967523
0.9934276
0.8138052
0.8838376
0.8598242
0.862276
0.9814769
0.8868028
0.9770299
0.9301622
0.9249274
0.7327125
0.6633779
0.6922572
0.7914392
0.8453943
0.8226708
0.845131
0.614836
0.5915589
0.6400012
0.62646
0.5705684
0.5272573
0.5968978
0.577915
0.5558764
0.6628246
0.6241574
0.5064393
0.589201
0.5968038
0.618736
0.7137879
0.7347389
0.6509316
0.7376346
0.7159779
0.7499537
0.7348333
0.6624546
0.7183162
0.6816671
0.600687
0.6953522
0.5886455
0.5538439
0.4922426
0.333659
0.3603204
0.4114924
0.4193902
0.3894826
0.3973881
0.3661798
0.347748
0.2971412
0.3046724
0.367672
0.3730661
0.3282075
0.3370192
0.3263267
0.3007515
0.273149
0.2704214
0.2719382
0.2958511
0.2649589
0.2816994
0.3557571
0.3346518
0.3930509
0.3513584
0.3440412
0.4415411
0.5297611
0.4030893
0.4634169
0.4798886
0.4047619
0.3751301
0.4699588
0.4665247
0.4189709
0.3967481
0.404296
0.3622073
0.3629522
0.343223
0.3557702
0.311055
0.2905459
0.3266825
0.2639802
0.3292696
0.2928947
0.314528
0.3582951
0.3351375
0.4247673
0.4297685
0.4497151
0.4738889
0.479348
0.4848684
0.425635
0.4624345
0.4783461
0.4958798
0.6778126
0.6982863
0.7388577
0.6493544
0.7819955
0.8140131
0.6435373
0.6186645
0.6809631
0.6702715
0.7026376
0.7477924
0.8564613
0.8360629
0.7762958
0.6149843
0.5412634
0.4803347
0.4507644
0.369804
0.4057099
0.4478695
0.5180029
0.4406274
0.4324316
0.3994647
0.3258609
0.3578042
0.4115357
0.473236
0.4284613
0.3696488
0.3502693
0.3857942
0.4023684
0.508012
0.4750885
0.462631
0.4076002
0.3826789
0.4449074
0.4961729
0.517111
0.4602856
0.5052028
0.4974825
0.4997842
0.4910042
0.3601017
0.4701378
0.5902154
0.5967639
0.7238304
0.5883009
0.5945925
0.5103978
0.5543336
0.5630891
0.4616343
0.376832
0.384116
0.4412362
0.4421855
0.4381818
0.3994299
0.3464828
0.3847351
0.3435089
0.302697
0.2786421
0.3036245
0.3658209
0.3165344
0.3294583
0.3611177
0.3463361
0.3768742
0.4979356
0.5113898
0.5290339
0.4944088
0.5348385
0.5146082
0.4884385
0.5387119
0.4904825
0.5110759
0.5611561
0.618115
0.5668685
0.6041588
0.5743631
0.5084659
0.4193639
0.4665606
0.4765416
0.552262
0.6423619
0.7248119
0.6628488
0.7291535
0.5732552
0.5513152
0.5751599
0.5870063
0.5188382
0.4520778
0.4735126
0.5284638
0.578714
0.5885401
0.6529987
0.4852781
0.4571454
0.4449523
0.3744733
0.3612586
0.3909861
0.4011346
0.3228173
0.294144
0.2903736
0.2475738
0.2531861
0.2579171
0.2503724
0.3116662
0.3766078
0.3857317
0.3413236
0.3426978
0.322973
0.2953552
0.3035208
0.2997558
0.2598968
0.3718552
0.3576939
0.3841661
0.4707145
0.4623278
0.4255737
0.5169247
0.4513348
0.3831668
0.3622195
0.4928982
0.5754608
0.5108851
0.5233235
0.5612704
0.7579447
0.7802423
0.6346261
0.567986
0.5307415
0.3969232
0.3663034
0.3478386
0.3853683
0.4487267
0.5132716
0.4858734
0.4014901
0.3813923
0.3249521
0.3812341
0.4126444
0.3750983
0.441856
0.5778136
0.5251374
0.4641736
0.4328778
0.4002456
0.3707959
0.3436329
0.4494522
0.3897599
0.3798017
0.4078805
0.3845302
0.4524268
0.4014973
0.3488548
0.3263245
0.3889549
0.4829554
0.5905923
0.5505971
0.499917
0.4168086
0.4270211
0.4484929
0.4094222
0.4329722
0.4560836
0.5315088
0.5201217
0.3574885
0.4487361
0.3818072
0.5336107
0.5178688
0.4433328
0.3857019
0.4038772
0.3765959
0.404936
0.419649
0.4716803
0.4439026
0.5429076
0.412769
0.4385892
0.4368352
0.5083741
0.5275337
0.34743
0.3299427
0.3149138
0.3604096
0.3958387
0.4084517
0.4028259
0.4360853
0.4702934
0.4603211
0.5799753
0.6191167
0.6383943
0.63894
0.5239671
0.6867171
0.5809865
0.6149532
0.5165995
0.5087363
0.3611451
0.3409083
0.3464279
0.3390923
0.2781183
0.3145919
0.3602431
0.351739
0.2750547
0.2501167
0.2526222
0.299749
0.2677796
0.3909572
0.4332536
0.4523689
0.44965
0.4551149
0.5138897
0.4261725
0.3729177
0.3293282
0.3125389
0.321645
0.3107934
0.2908457
0.3629584
0.3902694
0.4401422
0.3902473
0.4298411
0.45442
0.4182899
0.4586146
0.4646176
0.5392432
0.561905
0.4314417
0.4608389
0.4367888
0.6167719
0.6491312
0.6285046
0.6009204
0.6243611
0.7977046
0.7775665
0.5517363
0.518713
0.5499046
0.5302301
0.4597687
0.3865896
0.4817864
0.3264424
0.2679972
0.3619139
0.3726036
0.3454428
0.4810291
0.3722698
0.3628978
0.4022556
0.4388492
0.4491212
0.5488406
0.7259847
0.6279169
0.4671959
0.3936344
0.3359316
0.4368647
0.4050942
0.4379191
0.3893257
0.5278555
0.5507113
0.7376742
0.6102468
0.558803
0.4830341
0.5101395
0.5508911
0.5881731
0.6369197
0.7062408
0.6920731
0.63083
0.6028084
0.6948382
0.7395682
0.8336663
0.8042539
0.9847498
0.8523586
0.6261401
0.6576781
0.7721326
0.7014414
0.5716334
0.4595431
0.3829276
0.4110518
0.3648654
0.3408077
0.411514
0.2998677
0.3266563
0.3090795
0.3091405
0.3547069
0.4124568
0.3241153
0.3601695
0.4834282
0.5261304
0.4913308
0.5695985
0.7448332
0.6396498
0.4954702
0.5437376
0.5886927
0.5433492
0.7070852
0.7625942
0.6536643
0.6581462
0.6815687
0.7298263
0.6547387
0.6344605
0.5925913
0.637639
0.4683387
0.5547685
0.5786116
0.5978275
0.7362311
0.6964926
0.7621391
0.7075173
0.7219165
0.6926525
0.7694979
0.7495233
0.6565434
0.8849802
0.846349
0.9887524
0.8824372
1.018562
1.00902
0.7664891
0.6864116
0.8343119
0.7407804
0.6604202
0.5872931
0.6672095
0.9087318
0.7543592
0.7852558
0.9507586
1.028818
1.154955
0.9927185
0.8413492
0.9333243
0.9788173
0.7783078
0.9263794
0.8559917
0.842496
0.6542459
0.7553664
0.5883955
0.5124672
0.5750017
0.5780696
0.5320722
0.4851237
0.4372074
0.3942863
0.5766999
0.5240069
0.5384432
0.5516771
0.4895576
0.498195
0.481304
0.5407304
0.5463684
0.4999371
0.5384677
0.7067865
0.684546
0.7294715
0.5391664
0.6041105
0.4678788
0.5796327
0.6104592
0.5327087
0.446406
0.4732466
0.4843095
0.4764861
0.4312766
0.4302065
0.4520958
0.5449042
0.5366597
0.5978326
0.4758912
0.4313288
0.4046946
0.4626595
0.3988463
0.4374063
0.4239456
0.4174083
0.4310836
0.4836139
0.4182835
0.352947
0.364897
0.4657381
0.5194659
0.4208348
0.3562646
0.3540611
0.3051798
0.3406954
0.3128944
0.2962891
0.3045756
0.3435701
0.2640951
0.3079369
0.2796266
0.2607407
0.3853808
0.3725427
0.4066272
0.3459898
0.2861441
0.3027923
0.2932741
0.2984676
0.3300146
0.3230611
0.2933425
0.3239628
0.3500566
0.422646
0.4393607
0.4547024
0.5396813
0.604489
0.547451
0.5729667
0.6885452
0.7476904
0.6893635
0.793604
0.895521
0.8592663
0.7696002
0.6989605
0.6383774
0.5890271
0.540437
0.4742304
0.4483162
0.4571667
0.4099623
0.4806251
0.4294103
0.3818875
0.4437483
0.3886827
0.4133031
0.4003597
0.4680756
0.5292591
0.5332787
0.5705739
0.4897898
0.4412406
0.4883575
0.4504236
0.5545128
0.5027783
0.5921227
0.5931381
0.5814208
0.5852682
0.6929578
0.7552766
0.6084812
0.6939314
0.6390095
0.6299589
0.5266106
0.5598605
0.5484162
0.525309
0.5059135
0.4832498
0.4244074
0.4528839
0.4756431
0.3624292
0.417745
0.4361279
0.4962136
0.5437004
0.479379
0.5423498
0.5842168
0.5469854
0.5753953
0.5317345
0.4728789
0.4959913
0.46369
0.6074615
0.5623001
0.7625867
0.8586372
0.8640076
0.7759044
0.6697383
0.6146715
0.695686
0.7240121
0.669825
0.6537086
0.7368615
0.6137143
0.6498022
0.6266386
0.5360941
0.4914333
0.3802309
0.3487365
0.3054179
0.3079121
0.3097928
0.2592158
0.3560734
0.2765624
0.3732387
0.346523
0.437259
0.4317577
0.3784444
0.3782171
0.447164
0.4384971
0.43419
0.4996764
0.5794994
0.6657052
0.6567595
0.6598378
0.7605764
0.7477052
0.7589319
0.7047351
0.7519894
0.6831002
0.776018
0.5391292
0.5803825
0.6892928
0.6054542
0.5393746
0.5327649
0.5586159
0.5215543
0.5222843
0.502124
0.4596908
0.4197855
0.4608253
0.6012559
0.5935993
0.7450726
0.650461
0.5462268
0.4601296
0.4680422
0.4230113
0.3870697
0.3893044
0.394391
0.3856542
0.4307906
0.4473762
0.341393
0.3289641
0.4723136
0.4167574
0.4432416
0.4251194
0.5501394
0.5094567
0.494301
0.4443339
0.416017
0.3559001
0.3279537
0.3816766
0.3428305
0.2785083
0.3156396
0.2674968
0.2542477
0.270411
0.273424
0.2477663
0.2460263
0.2612376
0.2794435
0.3050851
0.4109134
0.4711819
0.4224842
0.4635098
0.479161
0.4848943
0.4455997
0.4505155
0.4300854
0.3694094
0.3659099
0.3553085
0.3572462
0.4472861
0.5094914
0.5883876
0.5709769
0.5882567
0.6551226
0.8807062
0.9495373
0.7689759
0.7515372
0.8206692
0.82542
0.8065478
0.7219491
0.7622365
0.909777
0.9869285
0.9541985
1.086869
1.065014
1.175837
0.9071404
0.9381337
1.031107
1.133852
0.9507646
0.6736426
0.6775471
0.6958629
0.6015881
0.5828572
0.5748175
0.5230073
0.4821754
0.6090636
0.688503
0.678984
0.7186233
0.6578425
0.6942731
0.611797
0.6179091
0.5161654
0.5894293
0.5715672
0.6000738
0.5250678
0.4563944
0.5288833
0.4905
0.4071584
0.4391183
0.3763535
0.3566768
0.3833577
0.4340506
0.4662623
0.4988505
0.5478343
0.5307261
0.683934
0.5852757
0.5025749
0.4622769
0.5703038
0.5289807
0.487512
0.560825
0.5614897
0.6909884
0.7077976
0.7610747
0.6835925
0.7682497
0.7328474
0.6605452
0.5977997
0.5088628
0.5170048
0.5976761
0.7138266
0.6201986
0.6956414
0.6437343
0.566862
0.5811026
0.6220238
0.5406509
0.6181736
0.5530266
0.5677264
0.51476
0.6210408
0.7021068
0.6156763
0.6700955
0.6448264
0.5300496
0.5341729
0.6727288
0.5859882
0.5861473
0.6089447
0.6006982
0.5021969
0.5698795
0.5648224
0.636037
0.5147691
0.499442
0.6217712
0.7262899
0.6857299
0.7381818
0.7609837
0.5747349
0.509941
0.5840902
0.5921917
0.5918438
0.6357835
0.7777527
0.677978
0.6931313
0.5633374
0.5244576
0.4553827
0.5652348
0.5581819
0.6499881
0.7163857
0.8521336
0.8256649
0.7384857
0.6765484
0.6040146
0.5910029
0.7125064
0.8859558
0.7899018
0.7707134
0.8272675
0.9321613
0.7974347
0.802673
0.8060118
0.7017682
0.5238742
0.5608556
0.5780723
0.6607057
0.5193824
0.5593373
0.5267328
0.5304809
0.4929818
0.5276914
0.4827516
0.4222592
0.3491517
0.4184049
0.5102424
0.4679973
0.3719228
0.4006119
0.4377316
0.4140232
0.4325692
0.5108237
0.5300621
0.4939592
0.5606319
0.5131972
0.4278245
0.433288
0.4772869
0.5236901
0.5165584
0.5147737
0.452669
0.4193811
0.3697802
0.3509438
0.4830717
0.420826
0.4730916
0.6009489
0.5898548
0.5027309
0.5476897
0.5775704
0.5940764
0.4446646
0.4933084
0.4579291
0.5564379
0.5740832
0.5435573
0.529931
0.6061663
0.7348757
0.8729889
0.8379574
0.7507111
0.6477762
0.5239205
0.6121441
0.6233848
0.6049735
0.5311973
0.4537475
0.4164652
0.5449117
0.3957054
0.4747191
0.44154
0.4600218
0.446627
0.4458104
0.4318985
0.3785122
0.2804789
0.2806291
0.2940385
0.3283421
0.3629292
0.3883491
0.4116943
0.490366
0.4036537
0.4390098
0.4463318
0.537959
0.5605981
0.5436498
0.5600034
0.7060619
0.7116133
0.7602207
0.9043363
0.7750628
0.7926865
0.9395605
0.7516988
0.6245932
0.5525115
0.6295167
0.7221863
