0.5544559
0.7139614
0.86112
0.821309
1.089716
1.065876
0.9339299
1.291213
0.7908604
0.737297
0.8609037
0.8960852
1.18538
1.109453
0.6707924
0.8468843
0.8356668
0.9092838
0.941609
1.135164
1.102206
1.169207
0.9699278
1.118084
0.9438263
0.8191749
1.052996
1.058548
0.9079533
0.8764663
1.093349
1.234121
1.142753
1.225844
1.448764
1.502776
1.282121
1.496071
1.364024
0.8248209
0.7935303
1.001712
0.8940863
0.8828236
0.7821279
0.8922253
0.8399923
1.079764
1.247715
1.049794
0.9799751
1.043477
0.9496371
1.285052
1.243407
1.357993
1.449428
1.50683
1.381545
1.394615
1.364894
1.146226
0.8572697
1.074469
0.7992661
0.7416817
0.7390291
0.8049564
1.142562
1.132782
1.566093
1.189483
1.243943
1.349001
1.389376
0.9282742
0.8001353
0.8741224
1.268718
1.161915
0.8364967
1.159101
0.8511747
1.067261
1.029436
1.132133
1.126957
1.350516
1.573163
1.623476
1.261646
1.43265
1.358909
1.30059
1.525982
1.305296
1.112289
0.8836634
0.8258624
0.8019296
0.7307848
0.7982271
0.8796937
1.063498
1.1281
1.006583
0.7642568
1.218225
1.560031
1.288061
0.9668736
1.044088
1.124714
0.8740312
0.970336
0.8822174
0.9804702
1.250469
0.8984519
0.7602728
1.092776
1.095692
1.315616
1.118419
1.173985
1.359927
1.372928
1.289026
1.482993
1.158848
1.29192
0.9691926
1.170697
1.169423
1.243288
1.134462
1.15805
1.268367
1.303084
1.240917
1.129999
1.257834
1.475475
0.9899477
0.9848281
0.9893559
1.03157
1.25886
1.463346
1.421579
1.706886
1.123378
1.196701
1.28144
0.9679881
0.962594
1.024813
0.8428081
0.567571
0.5607477
0.6366214
0.9438402
1.223053
1.298366
1.352595
1.05419
1.038541
0.97062
0.777649
1.063526
1.01436
0.5875608
0.6134386
0.6540203
0.9362573
0.9680376
0.9354406
0.9691737
0.7763436
0.5843692
0.7400073
0.5125674
0.5336814
0.4316082
0.5400219
0.7197433
0.9675925
1.006024
1.042079
0.7346866
0.8064577
0.8884109
1.010065
1.185813
1.208034
0.9234483
1.004633
1.077871
1.217572
1.177275
1.233245
1.243301
1.160912
1.33908
1.2108
1.283611
1.213118
1.607491
1.257997
1.209486
0.9083097
0.9170061
1.013473
1.079128
1.321816
1.129847
1.089067
1.067693
1.174491
1.095977
0.9517299
0.6275561
0.5111854
0.7503148
0.9671482
0.8993259
1.021866
1.115557
1.081572
1.485704
1.240425
1.11954
0.9115291
0.6796349
0.7626013
0.9163431
0.9305662
1.206668
1.082262
1.295427
1.061957
1.599817
1.200838
1.045327
1.361418
0.9558598
1.208848
1.082156
0.9854197
0.7355733
0.6268674
0.6697415
0.7459042
0.9826339
1.0636
0.9595773
0.8364882
0.8433007
0.7273564
0.7083922
0.8764202
0.8117002
0.7068998
0.5754918
0.7557934
0.8636162
0.8914209
0.8291863
1.038606
0.8683444
0.8421118
1.005741
1.129556
0.9104744
0.6281629
0.6824075
0.808809
1.125961
1.456304
1.336575
1.303004
1.633294
1.574501
1.343196
1.277068
0.9313094
1.220064
1.275441
1.244567
1.174399
0.823231
1.046143
0.979536
1.170179
1.175378
0.9947722
1.027723
0.9548033
1.085157
1.095524
1.224503
1.309787
1.034689
0.7256333
0.7226224
0.982478
1.171232
1.717001
2.14094
1.566756
1.097915
0.9653683
0.9786145
1.036435
0.9161843
1.026913
0.8882427
1.077097
1.087967
1.094343
1.204843
1.215749
1.391595
1.217049
1.51371
1.217865
1.403275
1.222243
0.9341102
0.8167621
1.022957
1.048033
0.9587961
0.9606042
1.018593
1.162201
1.028652
1.241838
1.322507
1.522328
1.648959
1.239496
1.70682
1.178859
1.204798
1.047955
1.168173
1.340054
1.412437
1.278699
0.9266389
0.8011308
0.8207781
0.8273958
1.18027
1.184665
1.05106
1.08105
1.212394
1.156705
1.176307
1.134115
0.9929627
1.238132
1.053447
1.2301
1.265758
0.9116542
0.8788242
0.7807625
0.7798645
0.7373005
0.4822828
0.4780742
0.5123087
0.6690248
0.6495516
0.7225143
0.7448303
0.6865578
0.864035
0.7134712
1.02434
0.8368295
0.8400322
1.180182
1.21758
1.161179
0.9292205
0.830429
0.8963488
0.7870998
1.130729
1.199233
1.283376
1.107119
1.201309
0.8592096
1.073723
0.9325765
1.217831
1.098117
1.036852
0.9976531
1.050504
1.250079
1.544425
1.082328
0.8737276
1.092821
1.255051
1.183356
1.136836
1.027101
1.157944
1.258063
1.149885
1.548924
1.076348
0.9294939
0.91295
0.837835
0.8734241
0.8600113
0.7947007
0.4788622
0.654491
0.7951776
0.8387821
1.067742
1.034843
0.8681987
1.256413
1.223838
1.159018
1.135851
1.31954
0.9283433
0.9563061
1.142009
1.243295
1.466433
1.10204
1.429508
1.075283
1.093149
0.764004
0.8437703
0.802573
0.8580234
0.7003336
0.8265892
0.959449
1.030333
0.7836592
0.6646483
0.8243957
0.8455228
0.7557338
0.7078546
0.9567477
0.8792413
0.7887382
0.8626547
1.184015
1.344897
0.8997943
1.101742
0.9374404
1.022227
1.262657
1.043187
1.057
0.9326575
1.064248
1.35244
0.9763491
1.151311
0.9458051
0.7965245
0.9086281
0.9176737
1.231076
1.048282
0.711317
0.905577
0.9635816
0.8437312
1.005187
1.26982
0.9268695
0.8358689
0.887488
0.7617425
0.7210548
0.782117
0.6331204
0.7002672
0.6873697
0.8343483
0.9360573
0.950476
1.004377
1.109661
1.015645
1.101213
1.200481
0.7259361
0.873042
0.9476059
0.8851698
1.173173
1.047301
1.12078
1.174229
1.284971
1.205024
1.40263
1.5908
1.535934
1.231651
0.7525087
1.372414
0.8699791
0.9825438
0.5988462
0.5715792
0.6598978
0.9533994
0.6611186
0.7655278
0.9544112
1.673246
1.370278
1.366694
1.152356
1.226872
1.155409
1.311072
1.359093
1.482683
1.577322
1.279205
1.068616
1.092169
1.142359
1.215512
1.171435
1.456168
0.9240903
0.71093
0.7318689
0.7905046
0.9085681
0.9488275
0.8853611
1.049385
0.9072255
0.9157975
0.9518821
1.414407
1.288445
1.066639
1.334753
0.921645
1.061529
0.931482
1.101729
1.2103
1.192713
1.238959
1.114508
0.8706935
1.152681
1.143664
1.052697
1.21683
1.672839
1.385744
1.27861
0.9918312
0.7845571
0.8212041
0.9835466
0.9716777
0.8836043
1.194422
1.423418
1.166278
1.028058
1.1796
1.166452
1.19823
0.9110251
0.8836578
0.9814613
1.143299
1.434158
1.299217
1.163184
1.247841
1.115597
1.101299
1.072462
0.8740854
0.6903224
0.5607259
0.8791721
0.6669026
0.7003347
0.9830866
1.007327
1.147424
1.299225
1.1452
0.9892259
1.175935
1.475254
1.112024
1.262297
1.437451
1.707517
1.596946
1.59748
1.338024
1.046998
1.284105
0.9581471
1.039681
0.9917955
1.156253
1.161763
1.16993
1.378444
1.269045
1.250205
1.098701
1.158636
1.200107
0.6477583
0.964295
1.101345
1.449402
1.5429
1.548538
1.514137
1.339663
1.147788
0.9754831
1.0377
1.022983
0.967103
1.048953
0.9837253
1.449068
1.248783
1.348286
1.289805
1.029177
1.257329
1.009219
0.9820162
1.092632
0.8227003
0.6191155
0.9067499
1.276822
1.301512
1.787764
1.719567
1.433936
1.335919
1.381696
1.277246
0.9947887
1.311719
1.356237
1.166382
1.084338
0.6676034
0.7116265
0.7298359
0.7942957
0.8108227
1.191604
1.19153
1.109787
0.9151028
1.048121
0.7825255
0.9943947
0.8227008
0.9583396
0.9663072
0.7723113
1.198193
1.135141
1.558265
2.083968
1.385122
1.109006
1.310944
1.090807
1.30077
1.299551
1.132668
1.066017
0.9685377
1.019658
1.211684
1.072982
1.186768
1.137937
1.010325
0.9541512
1.05397
1.107825
1.213189
1.119671
1.321016
1.262417
1.305307
0.7412227
0.6994345
0.8534268
0.7901666
0.8820219
0.7653356
0.9662757
0.8764718
0.9225361
0.8349649
0.7794297
0.7834713
0.6900626
0.7119562
0.778027
0.6871013
0.9464533
0.9673014
0.868571
0.9106585
1.099171
0.9208918
0.9218043
0.996768
1.368266
1.440564
1.599303
1.452007
1.620733
2.021007
1.296577
1.039521
0.7484278
0.7191883
0.6817732
0.9335362
0.8849832
0.9134223
1.230771
1.215984
0.925575
0.9710176
0.9531038
0.9771364
1.323849
1.271078
1.544985
1.397969
1.425075
1.026755
1.029792
1.333689
0.9679249
1.106384
1.03507
1.186169
1.146212
0.8633749
0.944643
0.8118086
1.040496
1.027723
0.8420449
0.8646996
0.9807908
0.6864562
0.7036634
0.6888524
0.7958996
0.7578336
0.6831376
0.7079382
0.7527156
1.010627
0.9119942
0.7780708
0.7504316
0.6407274
0.9563234
1.002015
1.262678
1.168139
1.032673
1.101429
1.019069
0.9263265
0.8582196
0.9891774
0.9772966
0.8376381
0.8916686
0.7475435
0.946019
0.7352616
0.8632022
0.957695
1.404219
1.31187
1.41569
0.9026036
0.9395412
1.084318
1.240036
1.250603
1.245819
1.698917
1.379972
1.744521
1.454557
1.519611
1.122013
1.350526
1.210822
1.020541
1.231695
1.5058
1.133171
1.341466
1.279282
1.073402
1.035683
0.7658185
0.9209902
0.8998681
1.047546
0.9688886
0.95964
0.9198546
1.209948
1.033172
0.9849017
0.9720085
0.96222
1.110734
1.463866
0.9279247
0.9671933
1.19689
1.377999
1.458192
1.24311
1.427252
1.270614
1.07184
0.9115081
0.8305124
0.7905048
0.7672158
0.7119006
0.6162898
0.7274407
1.141065
1.335965
1.239676
1.194416
0.8848557
0.8765573
0.956187
0.8795487
0.8934062
0.8592626
1.017579
1.089666
1.242276
0.9306012
1.085785
0.9859675
0.8972471
1.056048
1.215244
1.283919
1.205869
0.8893001
0.9326305
1.139845
0.9650725
1.176209
0.6113107
0.5686233
0.6813653
0.6945459
0.7365927
0.8027549
1.05575
0.9056447
0.9881991
0.931611
0.5769652
0.6215482
0.3504321
0.3835481
0.525201
0.5767894
0.5222129
0.6351972
0.6401453
0.548298
0.5351118
0.7041989
0.5945654
0.5906523
0.715618
0.759206
0.8717401
0.7266861
0.7301095
0.8039551
0.648507
0.9153999
0.9207259
1.0161
1.060404
1.162276
1.278628
1.05544
0.8758907
1.004115
0.95412
0.95685
1.070809
0.9525204
1.068284
1.323483
1.318756
1.087481
1.132634
0.9464885
0.9919523
1.412534
1.28288
0.935776
1.258391
0.9617567
0.9144162
1.079933
0.9254041
0.5837796
0.6404174
0.7625442
0.946532
0.9804039
0.8222867
0.808306
0.7918406
0.7300784
0.7833539
0.672289
0.9316405
0.8331569
0.9104842
0.910098
1.000932
1.139779
1.043763
0.8550391
0.7357889
0.8407817
0.6649322
0.5068446
0.8048656
0.8767307
0.883923
0.9330353
1.026716
0.7060843
0.7704817
0.648004
0.5805933
0.8153829
0.864109
0.8274042
0.6255286
0.6912318
0.7950365
0.9220552
1.13437
0.9218068
0.9609403
0.9557072
0.7497803
0.6726166
0.4930759
0.7084628
0.7443815
0.8187834
0.816834
0.9265505
1.071495
1.066023
0.9861155
1.345556
1.520732
1.210688
1.299363
1.051331
1.282863
1.083273
0.8919744
1.072987
0.8657893
0.8068261
0.8564083
0.7040303
0.6071462
0.8193944
0.8250186
0.8630111
1.299034
1.564659
1.083728
1.230583
1.360386
1.437611
1.428831
1.037047
1.019197
0.8166025
0.8407984
0.9889079
0.9405627
0.7963042
0.7500565
0.7952818
0.8727903
0.634008
0.6942432
0.6405901
0.8329828
0.7282324
0.649372
0.8894296
1.047977
1.089159
1.4949
1.234717
0.9155426
1.458147
1.168785
1.301686
1.2847
1.410528
0.8623856
0.8135296
0.9209566
0.9174018
1.14964
1.06399
0.9893787
1.214209
1.222346
0.9058499
0.8410861
1.033714
0.9123412
0.8226269
0.9939207
1.119187
1.027594
1.046452
0.8660339
0.9025545
0.9626973
1.048251
1.195669
1.259961
1.305586
1.572878
1.20917
1.224391
0.863809
0.9611678
1.258294
0.9324803
1.118062
0.9723358
1.209688
1.093423
0.9748028
0.8606641
0.8804627
0.8414571
0.8476076
0.927098
0.9268031
0.6036221
0.5787233
0.3615511
0.4870728
0.5241484
0.5685048
0.7086204
0.6072279
0.6317169
0.6682377
0.7994982
0.7774176
1.000266
0.8446048
0.9729353
0.9177372
0.7066471
1.04919
1.053694
0.9978007
1.075462
1.079055
1.178021
0.789272
0.7969044
0.9795018
1.310038
1.395285
1.253207
1.089297
1.166407
1.437072
1.300983
1.364432
1.141277
1.172503
1.201001
1.066705
0.939433
0.8802179
0.9988816
1.33462
1.324542
0.9275987
1.091692
1.054378
1.190028
0.8777113
1.249198
1.05417
0.9721065
1.118928
1.044121
0.9703601
1.45952
1.080556
1.125551
0.8818587
0.8890544
0.8796802
1.188734
2.040775
1.203788
1.03102
1.20825
1.203091
1.061243
0.870705
0.9055837
0.7830733
0.7710926
0.869269
1.194822
1.033527
1.195172
0.9687461
1.189276
0.9098813
1.436357
1.517749
1.333466
1.165616
1.149885
0.8430696
1.029229
1.191531
1.288017
1.237349
1.076327
1.517407
1.269808
1.386387
1.226203
1.28048
1.189108
1.208244
1.129525
1.392912
1.049027
1.285046
1.432425
1.350485
1.199398
1.393552
1.537824
1.40226
1.391251
1.016689
0.8959934
0.9453939
1.187055
1.125522
0.9451141
0.9866166
1.38911
1.393789
1.082527
1.226275
1.278499
1.262681
1.307086
1.13918
1.274979
0.9964452
1.02709
1.155533
0.8526934
1.209252
1.128439
1.063951
0.9026798
1.165615
1.394458
1.361069
1.1935
1.185015
1.61423
1.05395
0.9442538
1.214342
1.408979
0.9019193
0.8472421
0.7740124
0.7594881
0.8103342
0.9482955
1.318478
1.263308
1.019977
0.724679
0.8400442
0.9430457
0.9329169
1.102327
1.238509
0.9947203
1.068463
0.921775
1.023847
1.731163
1.39993
1.320566
0.9406291
1.132953
0.8093755
0.6737176
0.8581959
0.9572134
1.068106
1.44892
1.519891
1.116241
0.7950498
1.145551
1.046152
0.9979854
0.8787048
0.9499614
1.157111
0.9228083
1.151802
1.10768
0.8806618
1.053055
1.237775
1.175985
1.137258
1.590425
1.303361
1.334631
1.138432
0.8457485
0.6121125
0.564578
0.6878586
0.9947965
0.8087504
0.835058
0.8843294
0.9830982
0.9084591
1.029469
1.074892
1.246453
1.212052
1.157952
1.071743
1.061059
0.8193628
1.232157
1.238362
1.722295
1.445126
1.321656
1.395588
1.032269
1.097509
1.456591
1.421953
1.322711
1.529935
1.911239
1.199646
1.46654
1.434093
1.468731
1.492911
1.215783
1.200661
1.107434
0.9539374
0.9222637
0.9745216
0.8840663
0.9688484
1.32128
1.161394
0.9458697
1.330435
1.209071
1.222369
1.177375
1.294714
1.086241
1.071422
1.083103
1.163777
0.9554955
1.079901
1.19618
1.080891
1.521355
0.9331785
0.8745143
1.290073
1.165955
0.9894333
1.164191
0.9193394
0.7927178
1.112352
0.8980433
0.8979406
0.8665526
0.8781272
0.8870218
0.9209703
0.9884951
1.079603
1.016334
1.069754
0.9841001
1.173929
1.077844
1.090175
1.192164
1.090455
0.9211294
0.9044397
0.5634803
0.731108
0.5629599
0.5576205
0.460325
0.4200683
0.4831798
0.6046822
0.8210761
1.146883
1.010938
0.8995631
0.8766359
0.8219917
0.8661941
0.8333461
0.8943061
0.7967769
0.9517092
1.056502
1.076089
1.033609
1.339121
1.079878
1.691519
1.352675
1.480912
1.064453
1.306222
1.074556
0.9972126
0.9138957
1.184923
1.030716
1.15539
1.075624
1.70829
1.185275
1.352421
1.82541
1.626849
1.46155
1.105407
1.049516
0.9561081
0.8891766
0.9593511
1.156038
1.137642
1.173694
1.339332
1.243777
0.9620042
0.9174994
0.755234
0.6349691
0.6000321
0.7629761
0.7341067
0.6701118
0.7668975
0.6039541
0.5534096
0.6844083
0.6856005
1.08631
1.126013
0.9264967
1.338085
1.036485
0.9755604
0.9626494
1.065763
1.281642
1.110273
1.030852
0.9417824
1.040261
1.145872
0.9904272
0.8837958
1.165292
1.168614
0.9206959
1.085309
1.224441
1.297035
1.425585
1.134965
1.19338
0.9846612
0.9791526
1.118746
1.375106
1.021
0.8271572
1.010923
0.8878142
1.145554
1.213077
1.01213
1.535838
1.585666
1.342147
1.283578
1.237768
1.3653
1.789371
1.368238
1.170159
1.308992
1.397761
1.489826
1.451372
1.239748
0.9850542
1.02559
1.195885
1.387841
1.637827
1.641128
1.391002
1.238539
0.9811813
0.845495
0.9361263
1.245872
1.047697
1.064796
0.8013249
0.8408689
1.144841
1.050022
1.223
1.397466
1.028965
1.104957
1.103161
1.474396
1.231683
1.097755
0.9472328
1.139927
1.011277
1.201161
1.316494
1.18538
1.230809
1.381246
1.264001
1.054335
0.9967998
0.8819541
0.7626162
1.297829
1.498556
1.260083
1.153342
1.126959
0.9785949
0.948149
1.018451
0.8904346
0.9072256
0.9920087
0.8136823
0.9839983
1.003019
0.9355619
0.807329
1.313981
1.575075
1.120285
1.185748
1.291575
1.133898
1.257596
1.389221
1.363143
1.345477
1.000408
0.7065438
0.8568118
0.8250875
0.7525659
0.9875536
1.073483
0.7396237
0.8904405
0.8498679
1.314908
1.102262
1.075082
1.148224
1.095521
0.8612608
1.037457
1.087433
0.7189016
1.00629
1.098738
0.8969365
0.9782196
0.9937338
1.188497
1.072975
1.041303
1.397429
1.096175
0.6655974
0.763246
0.9270175
1.088158
1.34191
1.271859
1.478372
0.9850996
1.091572
1.101242
1.264856
1.302329
1.46863
1.292337
1.098689
1.093164
1.410475
1.35362
1.229777
1.320676
1.337541
1.258938
0.7588933
0.8396199
0.8514211
1.17408
0.9947668
1.068341
0.7139185
0.7411079
0.8225897
1.151169
1.274497
1.136672
0.873356
0.7368089
0.8732244
1.098885
1.40077
1.613825
1.476638
1.264651
1.357737
1.008028
1.028533
1.340153
1.119503
1.270693
1.187887
1.108275
0.9155706
1.032636
0.9936766
0.9880624
0.9307837
1.185029
1.033776
0.8987239
0.8493569
1.155397
0.9354679
1.019933
1.086047
1.122303
1.189552
1.12074
1.017796
1.229225
0.8710545
0.8400563
0.959907
1.081798
1.212576
1.241663
1.222554
0.7983092
1.049382
1.246186
1.328841
1.122286
0.7172373
0.5818861
0.7546393
0.6485341
0.9435636
1.088424
0.8093084
1.137189
1.045644
1.109717
1.279108
1.926114
1.661193
1.166585
1.224414
1.14506
1.183174
1.044961
1.627497
1.119758
1.095599
1.157219
0.9193647
0.7935906
1.037595
0.9496798
0.7928412
1.241487
1.239969
1.247506
0.9355992
1.259331
1.055287
1.126976
1.055179
1.223272
1.075974
1.518097
1.260336
1.166444
1.366399
1.137909
0.849204
0.7599086
1.174157
1.292687
1.157692
0.88651
1.270372
1.409489
1.275904
1.02458
1.562351
1.306946
1.167365
1.724546
1.516405
1.218591
1.075091
0.8206508
0.9765433
1.05896
0.9125941
0.7690427
0.707806
0.8028207
1.132301
1.226342
1.066822
0.9089507
0.7785867
0.9233244
0.917412
1.286121
1.427448
1.284042
1.424726
1.111764
1.316793
1.41347
1.138067
1.129671
0.9327658
1.000174
0.8151961
1.025096
1.347525
1.262869
1.008832
1.549221
1.231715
1.631715
1.636721
1.372618
1.013989
1.219313
1.018196
1.264365
1.21047
1.140567
1.019337
1.20931
1.322246
1.159468
1.105085
0.9427932
0.8275484
1.128075
1.345212
1.294716
1.273438
0.8187766
0.9373671
0.8756506
1.287675
1.247543
1.025698
1.209572
1.392681
0.9401236
0.8029254
0.8994944
0.5931363
0.6994692
0.7609238
0.9945045
0.7505832
0.74206
0.9142594
0.8290488
0.8482565
1.105592
1.025585
1.090143
0.7642066
0.8754672
0.723211
0.978351
1.131534
1.195469
0.8093503
0.8360704
0.6102798
0.7142579
0.8242967
0.7275938
1.102617
1.058339
1.381534
1.210105
1.030318
0.8316183
0.774901
0.5239038
0.6530932
0.6444706
0.8989334
0.792253
1.167558
1.29069
0.9492806
1.266785
1.435233
1.207156
1.067112
0.7294342
0.9061895
0.8080891
1.149893
0.999722
1.001728
1.11732
0.9104692
1.070247
1.047011
1.306329
1.273787
1.427105
1.12908
1.206863
1.389789
1.706727
1.809821
1.573606
1.435517
0.8755676
0.7904309
0.7093331
1.151898
1.506054
1.662005
1.57065
1.421978
1.605518
1.678011
1.606739
1.141022
1.007646
0.8816675
1.08946
1.713529
1.089357
0.9565986
1.082043
1.161637
1.271022
1.157238
0.9591685
1.192778
1.165148
1.537986
1.516562
1.224028
1.371262
1.404179
1.293939
1.147163
1.155878
1.395996
1.125566
1.350223
1.407086
1.329491
1.450247
1.387119
1.382375
1.444452
1.343357
1.48083
1.283731
1.095155
0.7190402
0.6184549
0.6532253
0.9636925
0.7784272
0.6353816
0.7695049
1.05724
1.022437
0.9312784
1.149818
0.9600102
0.8608316
1.099401
1.119852
1.221328
1.133803
1.075367
0.7832757
0.9767549
1.181112
0.9803364
0.8881288
0.7907883
0.9764653
0.9281452
0.7945236
0.9018022
1.315137
1.158527
1.14407
0.7814299
0.806485
0.830075
0.9983444
0.9288962
0.8365569
0.6990449
0.6922868
0.7490838
0.9442113
1.088358
1.131409
0.8647736
0.9997729
1.416157
1.409889
1.462571
1.707293
1.826451
1.450376
1.506818
1.111457
1.155099
1.042024
1.082422
0.7481743
0.776763
0.8838009
1.371467
1.26074
1.177832
1.193707
1.013406
1.047505
1.691323
1.667911
1.404396
1.439776
1.316078
0.9030288
0.9163548
1.113314
1.273829
1.525645
1.466047
1.66626
1.55081
1.831177
1.072295
1.376917
1.442421
1.60395
1.064077
1.315665
1.14227
1.053358
1.175743
1.024825
1.160492
1.278299
1.22778
1.12552
1.072239
0.9896375
1.041781
1.419596
1.331389
1.103815
1.027365
1.144485
0.9947018
1.104135
1.012196
1.097435
1.096125
0.8801814
0.6690985
0.6879622
0.7698379
0.7521634
0.7862283
0.7362119
1.044448
1.127756
1.657302
1.559366
1.080303
1.059938
0.851777
0.9081288
0.7293891
0.8644063
0.8553416
0.9109462
1.010504
1.03906
0.8885863
0.8939505
0.7220619
0.6650376
0.4355942
0.4033984
0.528193
0.3991009
0.4268773
0.3309943
0.5122935
0.6291692
0.7250481
1.124699
0.9191439
1.231673
1.16808
1.086982
0.9314685
0.8057244
0.8400984
1.147458
1.23988
0.8986803
1.005956
1.014363
0.9134024
0.9554923
0.7158801
0.6277258
0.5653877
0.4475837
0.5240637
0.6819721
0.8545558
0.9124006
0.8349919
0.9744954
1.037799
1.012255
1.295657
1.064089
1.078184
1.007664
1.048886
1.24073
1.227456
1.349659
1.0078
1.231036
1.008491
1.125267
1.013358
0.9900053
1.074711
1.054421
1.053609
0.8605964
0.7629223
0.774623
0.830342
1.04728
0.8579426
0.9761728
1.416136
1.069022
0.9691977
1.058758
1.146536
1.472881
1.627909
1.553636
1.509701
1.007197
1.016537
1.333015
1.488835
1.3335
1.542702
1.135446
1.245795
1.283815
1.099177
0.8731479
0.8685046
0.7733627
0.6680718
0.6874256
0.7605112
0.9453621
0.9757147
0.9731403
0.950093
1.217422
1.201323
1.069648
0.9005905
1.073033
1.019459
0.8293994
0.8659086
1.124305
1.033485
1.460336
1.334207
1.201087
0.8731524
0.867677
0.8525165
1.091746
1.103733
0.9721713
1.014836
1.288045
1.554277
1.663208
1.187537
1.212511
1.127695
1.426902
1.277537
1.378768
1.257493
1.182079
1.122938
0.9731808
0.9745816
1.113637
1.385988
1.325136
1.094999
1.13115
1.483394
0.8579047
0.9996018
0.9833335
0.8608255
0.8224084
0.9064653
1.341332
1.411793
1.33069
0.9436762
0.9826569
1.116573
1.075467
0.9908668
1.409966
1.44229
1.327734
1.221893
1.133523
0.9294484
1.002827
1.177706
1.220646
1.478796
1.188991
1.110223
0.9753374
0.9972875
0.874251
0.9700532
0.862535
1.034651
1.12533
1.078619
1.022254
0.7589643
0.7056769
0.7791158
1.060023
0.8353527
0.8831843
0.8545855
1.01305
0.7939731
0.8811867
1.130833
1.191796
1.232526
0.9899522
1.177707
1.229425
1.331597
0.9936137
0.9647046
0.7570351
0.8559542
1.027451
1.187998
1.023114
0.9425231
1.182631
0.9849659
1.230537
1.303416
1.247153
1.07007
0.9608143
0.9656642
1.142439
1.323946
1.054545
1.046618
1.062987
1.567002
1.521523
1.670606
1.267217
1.078984
1.118063
1.167865
1.52404
1.391993
1.256041
1.396158
1.070045
1.179066
0.9145029
1.013813
1.101273
1.084632
0.993919
1.275036
1.104613
1.114781
0.8960865
0.8998743
1.063272
1.139402
0.7013085
0.7544044
0.6201176
0.5620033
0.5436073
0.6670477
0.6847336
0.7347048
0.7995642
0.9837321
1.076836
0.9402823
1.175556
1.112679
1.255263
1.231382
0.8507643
1.051593
1.046675
0.8363759
0.7795115
1.051648
1.083906
1.23049
1.379718
1.323846
1.365733
1.38656
1.45168
1.26517
1.147304
1.15255
1.194974
1.351662
1.427589
1.349109
1.236338
1.198313
0.94434
1.101631
0.9372145
0.962233
0.9658521
0.6715147
0.8087411
0.9913878
1.154688
1.540458
1.205025
1.04246
0.9950286
1.106651
1.116036
1.329772
1.410229
1.029642
0.9488154
0.7303484
0.7802631
0.7724056
1.063485
1.407468
1.500059
1.534711
1.171631
1.06073
0.9372802
0.9971638
1.128532
1.491998
1.210304
1.181001
1.47111
1.602844
1.807379
1.580724
1.480946
1.208519
1.203461
1.285894
1.333352
1.206748
1.178812
1.241155
1.345803
1.105266
1.146301
1.455797
0.9877828
0.9166041
0.9824779
0.6892653
0.8071176
0.9028874
0.8502256
1.004417
1.131803
1.02883
1.096613
0.8284111
0.9501645
1.079861
0.9503033
1.123875
0.8104416
1.237641
1.409276
0.9272483
1.136977
1.214393
1.442785
1.344192
1.221717
1.355072
1.126372
0.838565
0.9681928
1.154392
1.243259
1.362496
1.05748
0.9634415
0.9892116
0.9542272
0.81632
0.7629633
0.8031883
0.766092
0.7082839
0.6331565
0.7103961
0.8261767
1.051445
1.391135
0.9904669
1.055861
1.120734
1.412543
0.9503521
0.9204574
1.026492
0.7747687
1.010509
0.9715944
1.216083
1.410594
1.389846
1.356363
1.041393
0.9500566
0.8094575
0.9667637
0.85922
0.9200314
0.856785
0.8141348
0.9745038
1.006728
1.04436
0.7935844
0.8193139
0.8002624
1.184385
0.9108687
1.223229
1.463382
1.131875
1.447151
1.107137
1.052686
1.301516
1.228596
1.437464
1.403628
0.8819826
0.8717105
0.7436459
0.7945955
1.152151
1.024851
1.414137
1.573926
1.422349
1.325284
1.516187
1.170367
1.559077
1.241321
1.192145
1.492476
1.216277
1.157594
1.383261
1.35292
0.8674792
1.188563
1.305104
1.326869
1.312596
1.061582
1.118034
1.124995
0.7992997
0.769901
1.02819
1.11509
0.7126834
0.8633914
1.023255
0.9616374
1.003197
1.135009
0.8067989
0.964461
0.9662745
0.8999854
0.7618566
0.8111735
0.8592892
0.8186326
0.9319209
0.6410103
0.61776
1.113719
1.09227
1.360444
1.158883
0.9776615
0.9808778
0.99637
1.00543
0.9659665
0.9021945
0.9114217
1.028826
0.7942716
1.039565
1.100856
1.45675
1.388705
1.160094
1.221839
1.340588
1.005548
0.8311906
0.7965032
0.9810267
0.829393
1.016556
0.7932502
0.816741
0.7209878
0.7664547
0.7954026
0.7850625
0.8720545
1.008364
1.075039
0.9259314
1.192245
1.468504
1.42898
1.200323
1.133345
1.62009
1.105216
1.232467
1.30468
1.374646
1.395066
1.059928
1.126673
1.189351
1.130855
1.121851
1.01802
1.280152
1.145114
1.032084
0.7257132
0.8235161
1.013478
1.2315
1.08983
0.8462724
1.05764
1.073354
1.103568
1.101698
0.8931211
0.8656354
0.8703977
0.8405843
1.207323
0.9221724
0.8489319
0.9683404
1.42
1.495694
1.528838
1.656362
1.548469
1.358163
1.621216
1.410136
1.107798
1.25281
1.0556
0.9317278
0.9939819
1.046201
1.300587
1.063526
1.215909
1.10089
1.111301
1.142367
1.679167
1.382168
1.442637
1.190444
1.39855
1.70642
1.296297
1.318059
1.061724
1.340408
1.359191
1.310582
1.470303
1.05176
0.9072234
0.8481333
0.9980187
1.014458
1.389356
1.104921
1.160247
1.124757
1.170794
1.232021
1.164985
0.8978216
1.087827
0.8731124
0.8768918
0.9703685
0.9579071
0.8834229
0.8984514
0.8419371
0.5506259
0.6124238
0.8031019
0.7792637
1.114465
1.06147
1.186294
1.104038
1.329573
1.5042
1.446033
1.022581
1.285821
0.9881691
0.9771031
0.7626026
0.8561263
1.265312
1.012933
1.059636
1.230712
1.09928
0.9184461
0.9018012
0.8635469
0.843567
0.9044259
1.160198
0.9522492
1.098144
1.409864
1.275211
1.57198
1.301516
1.3815
1.390232
1.264774
1.609484
1.537854
1.369881
1.843523
1.311519
1.172181
1.475088
1.545737
1.959502
1.803431
1.236809
1.354541
1.662154
1.523487
1.428721
0.9828017
0.8981196
0.9102482
1.235959
1.109235
0.9380874
0.828585
1.084234
1.133915
1.161983
1.004703
1.007328
1.094389
1.148968
1.269121
0.8803872
0.8505163
0.6089833
0.7431709
0.7616415
0.5996308
0.793778
0.9489561
0.8602015
1.032447
0.9397967
1.241928
1.110087
0.991706
1.146097
1.050312
0.8505934
0.8049213
0.7683946
0.7488126
0.6582582
0.5811661
0.6934555
0.5926892
0.4573851
0.4697016
0.6592213
0.6696977
0.7940352
0.74521
1.22119
1.144998
0.9667529
0.8685255
1.078741
0.9860976
1.411834
1.283691
1.009769
0.9343374
0.9526329
0.7276213
0.7280802
0.8325064
1.006874
1.268574
1.183461
1.133394
0.9260298
0.9838198
0.8732702
0.8240309
1.105974
1.030804
1.097563
1.006482
1.033675
1.285242
1.177497
1.288399
1.221228
1.068127
1.160084
0.9097272
0.9823978
0.7285474
0.9531954
0.8990106
0.7183463
0.6489358
0.9329352
1.305385
1.251486
1.322488
1.65638
1.71459
1.326713
0.7974924
0.9640044
0.773115
0.620922
0.935287
0.8775005
0.716011
0.6938925
0.7658224
0.6269101
0.6680213
0.7941117
0.8978092
0.9615644
1.101171
1.244348
1.065041
0.8143483
0.8090214
1.122127
0.9520113
0.8490837
1.297863
1.470821
1.220326
1.339437
1.431105
1.16922
0.8647257
0.8943922
0.9491137
0.7179042
0.8101609
0.5460458
0.7752602
0.5447119
0.4787932
0.6120752
0.4951651
0.5822669
0.6915318
0.6190563
0.741646
0.6019743
0.7908291
1.112015
0.989275
0.9712601
0.7696185
0.9463483
0.8357832
1.030787
1.143253
1.551968
1.445132
1.886624
1.356104
1.221169
1.263645
1.448515
1.084699
1.138673
1.221927
1.219414
1.034847
1.325274
1.348542
1.230691
1.33465
1.312002
1.086416
1.133754
1.270976
1.008879
1.455775
1.161422
1.214423
0.9453413
0.920272
0.8773147
0.9844601
1.408344
1.879399
1.190844
1.137589
0.9424167
0.9651319
1.106497
1.279367
0.9887823
0.9757162
1.011636
0.9655086
1.208501
1.284617
1.052428
1.211955
1.107953
1.205203
1.091513
1.299093
0.9493832
0.9151779
0.9344916
1.2987
1.084427
1.369012
1.159961
1.169683
1.288663
1.084791
1.114279
0.9990109
0.9852204
0.7841794
0.7421916
0.7178545
0.846741
1.000049
1.425138
1.416502
1.516556
1.573517
1.249748
1.669377
1.349361
1.107306
1.016478
0.8604118
0.6516445
0.8906506
0.8795192
0.8652496
1.023224
1.50347
1.281388
1.186437
1.040328
1.160435
1.196216
1.229575
1.142173
1.010996
0.982387
1.049008
1.446006
1.461066
1.543937
1.957475
1.267844
1.385147
0.9215538
0.8775327
0.7771442
1.467466
1.3737
1.479393
1.376803
1.156358
1.063032
1.161793
0.9477102
0.798865
0.9724076
1.426056
1.120215
1.082719
0.7550958
0.9204805
0.9183043
0.7230107
0.5877706
0.5486774
0.5728354
0.6640352
0.7962606
0.7526142
0.8922159
1.362353
1.491904
1.589089
1.119841
0.9682504
1.044268
1.0551
1.340185
1.236314
1.534032
1.263038
1.436383
1.102931
1.300896
1.340584
1.509378
1.277557
0.8913457
1.284708
1.336526
1.455045
1.228546
1.217658
1.174262
1.282487
1.025526
1.030999
1.368243
1.122555
0.8216101
1.17747
1.257862
1.826384
1.40629
0.8789292
0.7960076
0.7936642
0.8028569
0.820343
0.783307
0.8158856
0.7670587
0.9420691
0.6979744
0.8358269
0.9536577
1.009612
1.509762
1.034754
1.259163
0.8275888
0.7944962
1.053333
1.017783
1.033957
1.098451
0.8371527
1.019827
0.8422337
0.8766084
1.083522
1.147774
0.9071599
1.094423
1.132558
1.232768
1.100973
1.262204
1.215655
1.039919
1.148435
1.07515
1.192308
0.8421377
0.636494
0.9972424
1.074227
1.121439
1.441351
1.38782
1.142634
0.8527486
0.9541736
1.074437
1.402718
1.0934
1.177859
1.169814
1.192924
1.534939
1.384112
1.188814
1.240583
0.9877244
1.140209
0.8808478
0.9737468
0.8499899
0.9852614
0.7787124
0.815667
0.8642924
0.868709
0.9438681
0.8720058
1.021248
1.14229
1.135175
1.098352
1.075783
0.8795925
0.8241547
0.9234251
0.9551703
0.8556152
0.8890403
1.090715
0.7503303
1.093603
0.9611602
1.278936
1.320784
1.311102
1.183497
0.9626937
0.9563212
1.250934
1.247959
1.250986
1.068187
1.00554
1.220342
1.520012
1.249753
1.358434
1.240011
1.058731
0.9566644
0.9663283
1.028904
0.7628953
0.5711466
0.6487133
0.7409921
0.6964929
0.7487049
0.6262608
0.7436118
0.7867316
1.064278
1.150644
1.235769
0.9604319
1.21987
1.217992
1.220102
1.09222
0.9403145
1.004823
1.12344
1.544335
1.24806
1.005107
1.314851
1.153374
1.221935
1.254096
1.345762
0.8693773
0.8634094
0.929313
1.063386
1.498289
1.261547
1.009805
0.8079676
0.924853
0.8284385
0.8998865
1.254557
1.319729
1.483973
1.492776
1.607784
1.217521
0.8806073
0.7320002
1.061552
1.320556
1.23741
1.25636
0.9876837
0.9165046
0.8396523
0.731501
0.8135867
0.9426778
1.033707
0.9014276
1.290593
1.294935
1.030235
0.6243749
0.7755105
0.8312376
0.6484856
0.8295794
1.189605
1.851999
1.606277
0.834563
0.7829873
0.9875586
1.347121
1.319011
0.9839954
1.106039
0.9341268
0.8722045
0.9610834
0.995555
0.8142777
0.8185987
1.001573
0.949607
1.11039
1.411149
1.396794
1.437947
1.048867
0.7253109
0.776497
0.7692192
0.8893958
1.015875
1.220397
1.036801
1.154983
1.977534
1.170954
1.591354
1.724666
1.319902
1.345994
1.083263
0.9323554
1.093196
1.01274
1.243921
1.104794
1.205413
1.183065
1.197606
1.108765
0.9696628
1.258261
0.9121208
0.9936232
0.9384049
0.7773066
0.9803777
0.8578137
1.001885
0.767879
1.104272
0.9956817
1.230821
0.9402281
1.439939
1.649159
1.150573
0.9087358
0.9913262
0.9822831
1.171274
1.027551
1.135391
1.177963
1.347688
1.296995
1.334363
1.140341
1.009409
0.996134
1.129823
1.359449
1.136238
1.437151
1.453196
1.086632
1.397723
1.058901
1.061841
1.285535
1.301298
0.9863208
1.01818
0.9921615
0.9612755
0.7381258
0.9113529
1.217837
1.071038
1.185954
1.147964
1.156023
0.9308087
0.8780814
1.266854
1.104849
1.038484
1.089896
0.9746917
1.232786
1.325992
1.393913
0.819531
0.7531371
0.8262037
0.9379554
1.00152
1.217454
1.561265
0.8764494
0.7521732
0.9487261
1.344373
1.650261
1.670012
1.774223
1.707499
1.381748
1.357046
1.059634
1.188389
1.087362
1.170164
0.9892905
1.015566
1.086786
1.251693
1.428325
0.96073
0.9053232
1.008708
0.8037441
0.8718671
1.281528
1.374201
1.287127
1.199629
1.49812
1.52107
1.24793
1.341659
1.110647
1.077852
1.245437
1.175796
1.237577
0.9903211
1.496262
1.276544
1.524578
1.211103
1.240928
0.9712716
1.096942
0.9575002
1.122602
1.071436
0.9784834
0.9496076
1.092573
0.9560802
0.8270529
0.8081038
0.934374
1.086305
1.154349
1.055246
0.8167722
0.9484492
0.7594744
1.06941
0.975232
1.186338
0.8386229
0.7585409
0.9860445
0.8507696
0.9350186
0.9502514
0.8989053
0.7583944
1.001977
1.102048
1.185586
1.239312
1.089927
0.7980853
0.8286138
0.8603624
0.9617457
0.9100298
0.7380456
0.9959234
0.8246711
0.8303588
1.280335
1.379402
1.454293
1.536841
1.39243
1.548383
0.8991873
0.9677087
0.9242188
0.8164168
1.030322
0.8521314
0.6189742
0.8750631
0.9407569
0.9462267
0.948616
0.6336029
0.6290805
0.6248473
0.8600537
0.8880484
1.203205
1.108022
1.094511
1.079486
1.080176
1.055746
1.17298
1.131105
1.207907
1.015246
1.309635
1.195484
1.228249
1.215768
1.137131
1.164286
1.104226
0.9633715
1.124778
1.462076
1.23325
1.245106
1.557635
1.175173
1.339393
1.046506
1.117993
1.014981
1.004682
0.947271
0.9344376
1.18863
1.170339
1.181358
1.48171
1.507475
1.026236
0.9355246
1.142708
1.248356
1.288612
1.266364
1.057725
1.270219
1.119466
1.155742
1.068013
1.343247
1.549377
1.004356
0.8718479
0.8627852
1.023168
0.9397202
0.9011791
0.8922627
1.335428
1.24103
1.19108
1.648168
1.265404
1.063658
1.157103
1.141262
1.456543
1.30613
1.439583
1.304105
1.093695
1.257912
1.050466
1.169167
0.9091506
0.966581
1.451651
0.9222171
0.6269318
0.7937698
0.7261097
0.6861625
0.7542272
0.8408243
1.355289
1.05795
0.8263156
1.071915
1.293656
1.413771
1.137542
1.002197
0.8699132
0.8764603
0.8505796
0.9288376
0.9175804
1.215382
1.186414
1.109682
1.112601
1.283825
1.187945
1.093445
0.9404572
1.044792
0.9961941
1.299191
1.332451
1.415562
1.222728
1.132836
1.20404
1.209906
1.253284
1.319918
1.206379
0.993421
1.072149
1.195268
1.211604
1.106642
0.6187484
0.9345291
0.8914614
0.8295907
0.8844466
0.8443127
1.000983
0.742168
0.8655402
1.061132
1.509809
1.20719
1.128497
1.546819
1.434638
1.642793
1.661941
1.423312
0.9616048
0.9672502
1.025604
1.006825
0.9922032
1.433637
1.333925
1.024935
1.202475
0.9731155
1.219857
1.229325
1.039939
1.037445
1.126446
0.9758719
0.9311265
0.9226217
1.251634
1.024861
1.315592
1.16909
1.143063
1.034373
1.084366
1.225539
1.176829
1.056984
0.9912594
0.8522975
0.7619432
0.7486968
0.8426141
1.121462
1.013986
1.060354
1.222506
1.175861
1.137425
1.18127
1.272969
1.266002
1.197968
1.414499
0.9261335
1.054971
0.8999281
0.7502821
0.9392166
1.314612
1.268892
1.159509
1.130242
1.109585
1.197158
1.126547
0.9216688
0.8331271
0.8223477
0.8441118
0.632082
0.8474609
0.7780899
0.7584916
0.640334
0.970804
0.8875488
0.811169
0.9176741
0.8337875
0.8164723
1.12445
1.056224
1.032072
0.9501337
1.172796
1.319688
1.273101
1.139432
0.8919298
0.8772732
0.8274669
0.7642595
0.7915038
0.7318957
0.7123658
0.7604616
0.6664651
0.800081
0.557772
0.6898746
0.7681434
1.05749
1.277197
1.568726
1.751639
1.59626
1.697085
1.062318
1.290935
1.07962
1.291319
1.143281
0.7355372
1.156585
1.092587
0.7869399
0.9683418
0.9513507
1.187019
1.399535
1.436821
1.317273
1.052217
1.134278
0.7642359
0.9135989
1.22511
0.7923986
0.8367256
0.8272518
0.8108494
1.128775
1.057507
0.950834
1.165521
0.8851319
1.054223
0.9989645
0.9908508
0.9570159
1.102614
1.09163
0.8906602
1.566792
1.346008
1.119594
0.7512915
0.6018913
0.5803534
0.6101558
0.643867
0.5917023
0.6607302
0.8422346
0.742304
0.928739
0.6208613
1.11262
1.341123
1.445004
1.386837
1.283599
1.632422
1.445734
1.25762
1.23265
0.904688
1.028302
0.8650903
0.9528917
1.249561
0.8048188
0.8677971
0.7876504
0.8426054
0.9391572
0.8583224
0.9775831
1.370187
1.192058
1.474945
1.370976
1.269067
1.353351
1.117982
1.061723
1.218406
1.214676
1.306642
1.225686
1.553492
1.526154
1.083906
1.201145
1.541617
1.342169
1.176894
0.9659098
0.6740627
1.059435
1.034136
1.053115
1.06986
0.9672993
1.399866
1.114241
0.9871886
1.242092
1.304382
1.190196
0.9122006
1.006086
0.8732178
0.7569914
1.036082
0.8691128
0.6646866
0.7333682
0.8670343
0.7697555
0.94946
0.8355056
1.089514
1.110978
0.9609559
0.7416883
0.5866535
0.6429276
0.5604926
0.7004046
0.7146218
0.7532889
0.5227708
0.4991576
0.713716
0.6330739
0.963778
1.228092
1.148215
1.110602
1.220366
1.024636
1.089033
0.9820513
0.9788537
0.8563288
0.7735181
1.137554
0.8854619
1.106405
1.27217
1.078453
1.004298
0.9518676
1.273986
1.101435
0.9776601
1.143567
1.351584
1.638122
1.622358
1.574983
1.599915
1.382359
1.337509
1.120727
0.9130318
0.8970296
1.203331
1.251186
1.058305
0.9687159
1.087823
1.113202
1.01799
0.9287234
1.012261
1.238324
1.386209
1.093275
0.7108728
0.6987384
0.7919718
0.8494547
0.8356506
1.161742
1.254466
1.142365
1.203741
1.001736
1.1859
1.138366
0.9297299
1.093238
1.345309
1.691106
1.498003
1.207607
1.146382
0.9752201
0.8773053
0.9865229
1.244622
1.26994
1.306759
1.400188
1.383464
1.524042
1.267127
1.237749
1.815203
1.501479
1.503635
1.492272
1.170884
1.018599
0.9636984
0.714843
0.6323387
0.5779857
0.7083827
0.9061117
0.9918149
1.141779
1.478912
1.463432
1.326837
1.029579
0.9791257
1.356628
1.288537
1.121824
1.019231
0.9607079
0.9346701
0.7229093
0.6739333
0.7860394
0.8320208
0.9625022
0.9951453
0.8640916
1.032141
1.033813
1.401259
1.298134
1.203386
1.359965
1.489297
1.380902
0.9668108
1.089053
1.119551
0.9092278
1.005817
1.01553
0.9548156
1.076476
1.02823
1.292094
1.185532
0.8604835
0.8357939
0.7422856
0.6735263
0.8104275
1.071032
1.576253
1.156172
1.023023
0.8341872
0.7351113
0.8250022
0.7976313
1.22205
0.949436
1.005376
1.404516
1.409586
1.047787
1.068358
0.8977313
0.9701097
0.991291
1.562228
1.436821
1.691495
1.390453
1.269553
1.326213
1.386409
1.440701
0.8738103
1.096318
1.153192
1.005504
0.6335185
0.6891366
0.9092808
0.7784902
1.119045
1.158847
1.199434
1.569764
1.670848
1.465484
1.197443
1.080908
1.205144
1.250135
1.186223
1.12794
1.48844
1.457741
1.552491
1.183867
1.001464
0.8404864
0.8350666
0.8533279
1.02664
0.9094561
0.8931004
0.8402024
1.302085
1.106294
1.212803
0.8894991
0.8767253
0.8960459
1.272886
1.337007
1.493814
1.387853
1.010474
0.8853498
0.9000106
1.071651
1.249608
1.220478
1.088592
1.143332
1.007273
1.21172
1.165456
1.316695
1.416675
1.251161
1.104351
1.229615
1.560184
1.570519
1.32057
1.178436
1.494282
1.383418
1.373913
1.31963
0.9555022
0.8124018
0.9252718
0.8544838
0.9643494
1.022735
1.016824
1.52708
1.309943
1.123647
0.9551441
0.7933655
0.8831568
1.155214
0.9891077
1.270371
1.602738
1.127765
1.173254
0.8305351
0.8466808
1.229068
1.206174
1.500692
1.308304
1.22054
0.9797107
1.241256
1.162931
1.396033
2.26412
1.687417
1.340787
1.21248
0.8618211
1.064342
0.9088505
0.9444108
0.9056003
1.282876
1.082437
0.9985244
1.163402
1.431748
1.051161
1.182062
1.299452
1.0316
0.8760741
1.025142
1.410537
1.20427
0.9180131
1.251078
1.308374
1.27752
1.387154
1.165082
1.268794
1.25486
1.128317
0.7044543
0.7712132
0.8390232
0.9320407
1.130805
1.236679
1.308135
2.18705
1.65517
1.415793
1.299705
0.9761237
0.8810148
0.9541622
0.9861772
1.138984
0.9324971
0.9261481
0.8628261
1.010718
1.142597
1.286782
1.182605
1.187347
1.324572
1.139793
1.11148
0.7757557
1.053725
1.184534
1.332458
1.159613
1.084964
0.8879099
0.8960438
0.8950683
0.868432
1.349654
1.277441
1.074498
1.159591
1.394713
1.382389
1.374118
1.221535
1.451513
1.1655
1.22193
1.227613
1.20297
0.9930297
0.9137009
1.187802
1.122655
1.357035
1.189068
1.182996
1.234671
1.096894
1.213179
1.210211
1.11192
0.8793281
1.141304
0.8715188
0.7910737
0.9141912
0.8775326
0.9166396
1.128039
1.242701
1.10691
1.440258
1.683599
1.436346
1.345889
1.104839
1.095545
1.203462
1.217189
1.019023
0.8922565
0.9199542
0.9053657
1.053225
1.19724
0.9883444
1.082615
0.8779666
1.149487
1.233668
1.094963
1.014701
1.035616
1.017156
1.098616
1.408004
1.4907
1.285273
1.027895
0.7922467
0.8774665
0.9121775
1.105452
1.195301
1.246513
1.000259
1.28328
1.134728
1.09779
0.9072492
1.219674
1.020112
1.051025
1.166322
1.072616
1.238105
1.425071
1.127902
1.158506
1.117265
0.933829
0.9889117
1.103582
1.374997
1.087464
0.8652639
0.8956946
0.9262844
0.9472584
0.9956646
0.8735997
1.215578
1.293384
0.8800385
0.8511737
0.5745646
1.009212
1.204012
1.275924
1.15887
1.44086
1.447143
1.060312
1.408929
1.454418
1.503805
1.329225
0.9186151
0.5610009
0.8654839
0.7172584
0.7657826
0.828148
0.8085427
0.6993504
0.8945555
1.057304
0.9049149
0.8971922
1.079098
1.038175
0.7678644
0.752436
0.9904024
1.089275
1.118949
1.094828
0.829235
0.5089784
0.5283782
0.7629895
1.162136
1.152784
0.6414606
0.8332624
0.6920132
0.8530875
1.13134
1.20346
1.227877
1.211414
0.9432797
1.103864
0.9049535
1.057909
1.113664
0.9979658
1.013428
0.7860384
0.920123
0.8932123
0.889817
0.8125827
0.6321771
0.7725568
0.7541998
0.874473
0.7356982
1.005482
0.9397703
0.9893953
1.328056
0.8341902
0.7798337
0.8245951
0.980379
0.6608322
0.8494419
1.283125
1.258869
0.8651741
0.7896112
0.9441387
1.007129
1.164049
1.38465
1.056278
1.091366
1.106419
0.8229182
0.9961676
0.7938126
0.8445459
0.9717315
0.9535354
1.447977
1.210002
1.19235
1.274857
1.129318
1.62409
1.418684
1.309531
1.371424
1.308927
1.383183
1.206322
0.9767499
1.064028
1.278284
1.139758
1.495756
1.338861
1.043308
1.304073
0.988767
1.046998
1.075658
1.466422
1.072474
1.166302
0.9798818
1.113359
0.9462943
1.091778
0.9902418
1.011882
0.8900903
1.123972
1.336522
1.053574
0.8140334
0.978344
0.8354197
0.9922825
0.9845149
0.8586492
0.8004541
1.07517
0.9953845
1.090512
0.7318034
0.67825
0.4882983
0.6594534
0.6970512
0.6577684
0.5990066
0.5047665
0.857084
0.8720373
1.022886
1.222037
1.295094
1.192915
1.472073
1.144944
1.140286
1.299959
1.429284
1.410151
1.576249
1.320821
1.154771
1.109627
0.9171801
0.8286834
0.5727733
0.7327243
0.9233819
0.6849414
0.5620376
0.5976631
0.6916363
0.7674268
1.047278
0.7772786
0.8612392
0.9125911
1.379727
1.198851
1.589317
1.598696
1.210532
1.148774
1.242819
1.179152
1.131228
1.085581
0.8823316
0.6344669
0.6483125
0.5799357
0.8114644
1.003007
1.01926
1.243658
1.016158
1.070823
0.9589254
0.8720769
0.8851867
1.076716
1.155026
1.08581
0.9871939
0.9621749
1.057123
0.9419202
1.26097
1.201799
1.153113
1.288976
1.447622
1.162181
1.361498
1.212873
0.9014634
0.8462195
1.052887
0.9302473
1.040655
0.9834705
1.04752
0.9438376
0.9047964
1.004286
1.1631
1.363102
1.116366
0.9858544
0.7793273
0.6182157
0.6034309
0.5818529
0.6693062
0.9137535
0.6332302
0.6906669
0.7708898
0.9206935
0.947243
1.003208
0.9990634
1.027499
1.032524
1.071485
1.192617
1.098336
1.005139
0.9036633
0.9094481
1.008817
0.9218615
0.7785693
0.9387074
0.9772409
1.194167
1.22493
1.259365
1.797317
1.0497
1.022388
0.7611838
1.066324
0.937734
0.7510907
0.9694416
0.9791966
1.651692
1.032773
1.153059
1.077817
0.8076581
1.004228
1.000853
0.935221
0.7777099
0.8737043
1.176538
1.208436
1.202377
1.080608
1.161914
0.8986233
0.861235
0.8847821
0.7519811
0.8675243
1.005525
1.0569
1.190249
1.063457
1.157786
0.9087914
1.038819
1.185053
1.2446
1.346381
1.418775
1.170375
1.403795
1.3315
1.053539
1.708461
1.347196
1.328093
1.210937
1.657948
1.056389
1.197537
0.9919904
1.076052
1.08188
0.8498756
0.8047303
0.9701298
1.167479
1.228956
1.401073
1.036833
1.069878
1.214198
1.133925
1.036731
1.078584
0.8810872
0.9519073
0.8225763
0.9970587
0.9182979
1.007709
1.422892
1.11377
1.082907
1.351417
0.9725192
0.8852336
1.092145
1.230039
0.99603
0.9130796
0.8188906
1.157562
1.068272
0.8226502
0.6849075
0.7654673
0.7198543
0.8029563
1.070136
0.8987468
1.120582
1.265977
1.192268
1.100036
1.063238
1.165611
1.217517
1.125596
0.9879435
0.8513463
0.806837
1.016289
1.321611
1.160671
1.19153
1.198684
1.007289
0.794193
1.038721
0.7481405
0.8683545
0.6776976
0.6356975
0.8884576
0.6056731
0.6595744
0.6496807
0.7936894
0.6200969
0.6682623
0.6180846
0.7002609
0.7439231
0.8096411
1.050092
1.214631
1.122445
1.166791
0.934299
0.9865351
0.9870216
1.112674
1.035583
0.8019879
0.9491932
0.9940744
1.073136
1.018896
1.280463
1.094114
0.9992722
1.287299
1.051027
1.315521
0.9301464
0.9835999
0.9335336
1.046424
1.075198
1.081061
0.8963712
1.151706
1.145619
1.120185
1.245596
1.13862
0.759951
0.8691151
0.9370918
0.9287038
1.394826
1.133259
1.42052
1.954484
1.276006
1.004892
1.138271
1.093986
1.17224
1.516526
1.116779
1.358184
1.184359
1.05568
1.102233
1.309863
1.239579
1.353842
1.233584
1.277803
1.149096
1.034708
0.9408658
0.8648488
0.6727087
0.4452797
0.6798247
0.9536086
0.9997003
0.9748032
0.8697782
0.6702257
0.633568
0.7500646
0.6606237
0.6482939
0.6749862
0.7545096
0.6326586
0.6352748
0.640828
0.4972913
0.4188528
0.5582326
0.6998334
0.6673577
0.7984787
0.91011
1.266954
1.381561
1.730165
1.382947
1.749492
1.282643
1.291344
1.455249
1.255232
1.230859
1.303197
1.345059
1.194278
1.042304
0.9780699
0.9392187
0.6633307
0.8533214
1.209085
1.128198
1.205115
1.210955
0.920889
0.9761852
0.6849312
0.7804785
1.217278
1.02449
1.050708
0.8648984
0.8437416
0.8194082
1.025745
1.432506
1.622887
1.395548
1.401335
1.352132
1.023628
0.8784782
0.5823606
0.6193551
0.6816644
0.7757305
0.7769135
0.7493763
0.7560742
1.014942
1.06692
1.000625
0.9201781
0.9828815
0.9875016
1.244472
1.096411
1.001513
0.9422703
1.257725
1.385248
1.276397
1.290725
1.071671
0.8468788
1.029129
1.241001
1.029988
1.269056
0.9006171
0.9015713
0.7636818
0.7579474
0.7140981
0.7924027
0.7618906
1.074771
1.215218
1.28987
1.694032
1.04978
1.128148
1.052028
1.337635
1.189165
1.31307
1.518788
1.466947
1.156644
0.943314
0.9073663
1.218925
1.04553
0.6689269
0.7015001
0.5742893
0.7673665
0.8225375
0.8355527
1.076676
1.406074
1.144279
1.303922
1.088553
0.8777901
0.8857417
1.206941
1.046102
0.9364452
0.905765
0.9433915
1.074876
0.83546
0.6615027
0.6983815
0.972186
1.049299
1.21417
1.32758
1.17663
1.054455
1.150175
1.333485
1.485278
1.27166
1.274432
1.221822
1.050838
1.129647
1.425353
1.165708
1.050539
0.8218768
1.02957
1.070234
1.266665
1.278873
1.125417
1.208036
1.174236
1.407819
1.23699
1.411579
1.288974
0.9091107
0.8228372
0.8516847
0.9233552
0.9148891
1.084004
1.21114
1.067816
1.060752
1.012301
1.011936
1.102825
1.118212
0.9623202
0.9047564
0.8392869
1.001524
1.044734
0.8533785
1.017578
0.9305667
0.8506844
0.6578357
0.6624781
0.657526
0.5509942
0.8709129
0.8505622
0.9382332
0.9350622
0.8855641
0.6559301
1.080592
1.461554
1.466987
1.775495
1.120456
1.026597
0.9110567
0.8209535
0.8169235
1.236681
0.7563804
0.8396467
0.9206359
1.002775
1.034854
1.1132
1.361709
1.216463
1.184524
1.379642
1.310488
1.01928
1.004044
0.9877869
0.8552824
0.9110981
1.047841
1.21373
1.200008
1.100753
1.178033
0.8248069
0.8538634
0.8094185
0.8515511
1.064395
1.097805
0.9544803
1.25887
1.266222
1.215172
0.9602013
0.8662314
0.7658481
0.9903198
1.082963
1.039346
1.012747
0.9074795
0.7157019
0.7516631
0.9097975
0.7910211
0.7349045
0.8194426
0.9663162
1.082776
1.111848
1.097552
0.9026269
0.6962812
0.8040358
0.829312
1.231865
1.240372
1.114134
0.9876957
1.020891
0.823092
0.8934476
0.8447581
0.7872209
0.7667159
0.8556018
0.791473
0.9412522
0.8328716
0.8956385
0.8640183
0.662012
0.7933346
0.724397
0.7959377
0.9925097
0.7299219
0.7137595
0.7822873
0.7794288
0.7039938
0.598059
0.7404636
0.9958018
0.6857217
0.8590525
0.6242745
0.8154515
0.8841165
0.9476813
1.3465
1.299523
1.297422
1.289428
1.423637
1.180384
0.9471923
0.8428441
0.9818704
1.146222
0.9321058
1.134212
1.023821
1.130497
1.120671
0.8498457
0.7550069
0.9962288
0.6120593
0.6788709
0.6838547
0.9701918
0.9416965
1.236546
1.506343
1.520255
0.9966187
0.9655015
0.9673345
0.9626488
1.131167
0.9468004
0.9412362
1.117245
1.093511
1.07921
0.9960371
0.9216392
1.186515
1.035448
0.747085
0.7985333
0.8846594
1.042731
0.8917208
1.115679
0.968065
1.053315
0.9929741
0.9450529
1.039131
1.075954
1.0935
0.76733
0.6915663
0.5865459
0.7106376
0.8656079
0.627601
0.7389781
0.8843895
0.8633125
1.130241
1.094155
1.323409
1.246958
1.195875
0.9412864
0.8051088
1.018505
1.364685
1.572918
1.479471
0.8213712
0.7242727
0.8276326
0.9306762
0.9573821
0.7470701
0.6742344
0.8464722
0.7895501
1.196842
1.522016
1.418479
1.360308
1.264716
1.099456
1.233787
1.044933
1.144189
1.140158
0.8234408
0.8820874
0.7481207
0.7762979
0.6769386
0.6275467
0.9000808
0.8772454
0.7828024
1.129162
1.031448
1.178349
1.480298
1.201416
0.9666912
0.8098941
0.8931659
1.13648
1.008424
0.8920438
1.041938
1.741659
1.471257
1.093352
1.329142
1.38945
1.379445
1.181177
1.321821
1.413574
1.3739
1.236419
1.359686
1.250822
1.106775
1.115619
1.008191
1.315584
0.9427519
0.7615376
1.033224
0.9476747
1.032102
1.147644
1.111943
0.9083206
0.8810708
0.9193156
1.306982
0.831915
0.9811591
1.177844
1.414106
1.397256
1.047746
1.134135
1.09171
1.108131
1.198023
1.186543
1.351258
0.8739595
1.305985
1.00849
0.7722506
0.9770556
1.052139
0.9488508
0.8136949
0.8152168
0.7276115
0.8559366
1.284106
0.9064245
0.8728982
0.9139349
0.851347
0.9630583
1.224501
1.194348
1.148578
1.295984
1.31317
1.065776
1.385148
1.432646
1.225525
1.236671
1.3272
1.517094
1.182509
1.915246
1.671449
1.018932
0.7590461
0.781792
0.7508022
1.12662
1.196722
1.338141
1.481458
1.223788
1.05727
1.093846
1.03683
1.08894
0.9883596
0.7994472
0.7029507
0.9645075
1.030925
1.072866
1.151795
1.192969
1.411412
1.771355
1.485322
1.720256
1.476338
1.57971
1.665606
1.213888
1.545898
1.333346
1.771429
1.523545
1.503839
1.417833
1.653716
1.60445
1.372265
1.36343
1.409805
1.18521
1.107709
1.064297
1.028346
0.7124609
0.6670335
0.6671963
0.8814494
1.078849
1.235917
0.9230917
0.9339017
0.7794195
0.7905122
0.8581095
1.113914
1.096541
1.433198
1.161701
1.198186
1.505563
1.17844
1.294567
1.493054
1.412087
1.392938
1.082388
1.413853
1.021407
1.173398
0.9747378
1.206913
1.254006
1.321775
1.231292
1.540135
1.553104
1.037026
1.144231
1.116679
1.167607
1.40699
1.086717
1.241987
0.9500007
0.942165
0.8305136
0.9178636
0.8973147
1.141974
0.9285185
1.100894
0.9491125
1.044561
0.9380339
1.062313
1.016859
0.8213648
0.9288049
0.849764
0.9403024
0.7644802
0.8247155
0.8124637
1.016042
0.9293943
1.09102
1.111346
0.8675653
1.059133
1.048467
1.06425
0.9532581
0.9507725
0.8088843
1.081419
1.433337
1.451502
1.168757
1.146198
0.8587606
1.005751
0.8732607
0.8640097
0.929472
0.6829837
0.5823823
0.6449904
0.6656132
0.7670906
0.8550578
0.8181378
0.6162306
0.4776923
0.5437387
0.5703335
0.5047152
0.6058651
0.5752132
0.5123377
0.7137347
0.7373072
0.7815129
0.8238408
1.096929
0.9794641
0.9976011
0.9814235
1.013331
0.9672345
0.714443
0.606777
0.7753078
1.060121
1.19205
1.406792
1.302039
1.293663
0.9595288
0.7009088
0.7468865
0.8986411
1.057749
1.06358
1.255427
1.279279
1.101949
1.156857
0.9502921
0.7266275
0.7168924
0.8312028
0.7474418
0.7591983
0.7476068
0.8233716
1.067698
0.9373611
0.9863371
1.120913
0.8741488
1.027245
0.8798324
1.09321
1.336625
1.501069
1.337415
1.568204
1.322036
1.45744
1.455916
1.337905
1.075974
1.096786
1.367215
0.9937108
0.9249188
0.9661232
0.9771841
0.9027339
1.241035
0.8462468
0.9460933
1.043893
0.8191239
0.7369399
0.6231623
0.7998695
0.8902364
0.7618852
0.9903611
0.9719932
1.044128
0.8279175
0.9511677
0.9517922
0.8378289
1.121814
1.161716
1.02465
0.8809461
0.8702023
1.144535
1.284994
1.122394
0.8023966
1.024301
0.8685765
1.147207
1.117898
0.8957635
0.8552512
0.7388244
0.8218068
0.9900404
0.7332511
0.8784959
0.8333526
0.9527772
1.112298
0.9424149
1.042771
1.399929
1.571457
1.750724
1.535032
1.452124
1.128898
0.8968144
1.044505
0.9708627
1.189314
1.328057
1.536333
1.144191
1.406284
1.094586
1.092206
1.135261
1.026957
1.389971
1.146006
1.104044
1.140733
0.76955
0.8492464
1.087248
1.055285
1.283772
1.495366
1.50367
1.432785
1.388937
1.262422
1.283454
1.041342
1.071868
1.042671
0.998939
1.049697
1.09605
0.9683861
0.8731557
1.103496
1.035975
0.9839387
1.083256
0.9077326
1.153977
1.375484
1.267152
1.334925
1.409019
1.294063
1.302226
1.562947
1.325663
1.080051
1.061825
0.9301253
1.076659
1.000257
1.077858
1.263362
0.7952578
0.7139775
1.014884
1.076226
1.437911
1.182522
1.0787
1.071117
1.153964
0.9946641
0.9568116
1.122667
1.315332
1.026651
0.863702
0.9689319
1.099848
0.8277687
0.8198363
0.8426445
0.6308036
0.5462776
0.7276723
0.6913514
0.7951285
0.9194841
1.201669
1.346096
1.433128
1.43056
1.105626
0.8341742
0.843549
0.9149287
1.132695
1.222461
1.213762
0.87722
0.7068528
0.7104034
0.8008935
0.8599722
0.7132116
0.8799315
0.9099843
0.9962625
1.001953
0.8562941
0.9766219
1.031916
1.147197
1.047029
1.024654
1.183403
0.7620742
1.051961
1.200036
1.189213
1.418455
1.492707
1.331128
1.514477
1.009528
1.06242
0.858169
1.079414
1.258712
1.058668
1.06809
1.344283
1.154321
1.437721
1.427946
1.261785
0.8846719
0.7106937
0.7750358
0.6458074
0.6547785
0.6606267
0.479061
0.6508209
0.9243597
0.9771628
0.9639573
0.9375702
0.9944009
1.303941
1.299829
1.083166
1.107847
1.064388
0.8553935
0.8059924
0.8590695
0.9397142
1.097714
0.9139976
1.287767
0.6873593
0.7652572
0.7511854
0.859399
0.9071972
0.9030269
0.6688099
0.621837
0.7393259
0.9030201
1.237404
1.382091
1.236552
1.520971
1.592258
1.44763
1.106249
1.246478
1.225104
0.9805938
1.40328
1.413282
1.102044
1.286901
0.8718841
0.8921728
0.9997357
1.171639
1.184301
1.070778
1.141239
1.030475
0.7993815
0.8655403
0.6670991
1.068954
1.242399
1.006048
0.7184252
0.8236613
0.6895093
0.6950179
0.8225722
0.8847378
0.9346202
0.975808
0.7626298
1.045552
1.347973
0.9923875
1.045272
1.318067
1.280634
1.589238
1.37252
0.9300584
0.8556775
0.8828751
0.7485594
0.8815372
0.9946433
1.031603
1.092796
1.217641
1.120483
1.056848
0.8731933
0.8429236
0.8854054
0.8454998
1.307861
1.267953
1.334427
1.334186
1.248187
1.200393
0.9687537
0.9300543
1.074785
1.07091
1.268337
1.126654
1.344869
1.348179
1.13621
1.25485
0.9854175
0.9629162
0.9551369
0.9068188
0.8374553
0.6988765
0.7986067
1.158086
1.016651
0.8576369
0.7226855
0.7877204
0.8860687
1.165711
1.50392
1.368302
1.748416
1.885504
1.212422
0.9622266
0.844855
0.8092958
0.874878
0.8792283
0.763081
1.118484
1.023238
1.178818
0.8790524
0.7672307
0.6211731
1.184048
1.506116
1.281894
1.217202
1.235975
0.8293022
0.742503
0.7663381
0.7843721
0.9909014
0.9437836
0.8897764
1.029387
0.9461743
0.7690884
0.6809525
0.6262604
0.5665695
0.8559295
0.8943487
0.8994763
1.190827
1.403934
1.340918
1.26886
1.260969
1.18376
1.109261
0.9724593
1.052594
1.39143
1.055187
0.8656832
0.9125209
0.8961689
0.96924
1.367231
1.300102
0.9933902
1.031741
1.3389
1.218582
1.174634
1.479218
1.297059
1.459695
1.245109
1.145279
1.060579
1.165414
0.7739734
1.101624
1.228123
1.205882
1.216181
0.9452578
0.8853565
1.135144
1.033311
1.073402
1.287071
0.9945513
0.8828604
1.051323
0.9637502
1.270955
1.089952
1.455714
1.031431
0.9796594
1.094845
0.971537
0.9686296
0.9939724
1.049159
1.224083
0.8470654
1.442917
1.418122
1.448792
1.264215
1.11469
1.1833
1.101415
1.380144
1.031349
1.002518
0.9988629
0.9206427
0.8961737
1.075509
1.114999
1.140371
1.155717
1.370899
1.61959
1.574014
1.507396
1.213123
1.232674
1.234998
1.028724
1.087093
1.017363
0.8013285
0.821405
0.7933417
1.014115
0.9612995
1.305975
1.101112
1.286624
1.542393
1.445125
1.110535
1.735024
1.3139
1.132152
1.220654
1.121774
1.125925
0.9495182
1.047459
1.14268
1.296974
0.8337437
0.705297
0.96993
1.049218
1.125813
1.127104
0.9964569
1.136904
1.255989
1.159055
0.9702681
1.138106
0.8923315
0.7300065
0.9392264
1.107547
1.166023
1.115723
1.039251
0.8843111
0.7790447
0.7280458
0.922077
1.074874
1.152595
1.014646
0.9931755
1.442914
1.249584
0.8035239
0.8404733
0.790096
0.8628532
0.9114563
1.149466
1.306573
1.089921
1.229118
1.623104
0.9131566
1.172927
1.196445
1.289901
1.416793
1.117317
1.108223
1.100962
1.310055
1.166326
1.210818
1.017644
0.9259346
0.8388163
0.9152092
0.8528789
1.024618
1.270963
1.042191
1.092741
0.8061159
0.9017969
0.8612326
0.786164
0.887947
0.9385156
0.8884129
0.7109722
0.7481758
1.143096
0.9310901
0.992664
0.8206855
1.192296
1.316033
0.9990234
1.168684
1.351605
1.235497
0.8416821
1.321424
1.229753
1.38684
1.351902
1.465229
1.283823
1.303341
1.120951
1.716968
1.515925
1.276801
1.127361
1.141207
1.096377
1.282783
1.102627
1.14589
1.372332
1.238644
1.136908
1.043508
1.26804
1.313107
1.598924
1.171482
1.352871
0.8970481
0.9580158
1.235051
1.215743
1.230268
1.325785
1.258737
1.31824
1.073121
1.207654
1.201644
1.137783
0.8096895
0.6955067
0.7716102
0.8727106
1.095197
0.8701499
1.268815
1.125186
0.9364891
0.7971923
0.853425
0.6828373
0.7383947
0.584395
0.7271534
0.7336956
0.7145074
0.8230547
0.9158014
1.49815
1.3477
1.265298
1.429018
1.177253
1.09066
1.000717
1.029476
1.12065
1.191635
0.846901
0.9676664
0.9297098
1.442525
2.19272
2.003541
1.420169
1.1034
0.7927251
1.022393
1.082635
0.9399671
0.7576426
0.8137089
0.9657686
0.9450773
1.132836
1.150157
1.447642
1.3845
1.258415
1.252148
0.9912049
1.072715
1.103453
1.228238
1.422994
1.253449
1.366067
0.7608581
1.100543
1.238419
1.191875
1.401433
1.395921
1.444961
1.159567
1.115026
1.093628
0.8566835
0.8373346
0.6044756
0.6887194
0.6977445
0.7640732
0.9380556
1.067536
1.286365
0.9632231
1.1015
1.116355
0.9774085
0.8878118
0.8990554
0.8007993
0.9970002
1.433214
1.42083
0.8761149
1.013045
1.257375
0.7347531
0.7270428
0.8741405
0.759924
1.027852
0.7723666
0.9435959
0.9434537
0.8405885
0.7505569
0.800065
0.7679481
0.8855133
0.7965776
0.8788547
0.9977479
1.289526
1.37526
1.78159
1.270369
1.189103
1.032849
1.699511
1.382262
1.402931
1.573469
1.06822
1.005133
1.000167
1.172616
0.8526969
0.8886449
0.9343877
1.348626
1.174958
1.16078
1.063034
0.7636546
0.9328481
0.9373773
0.7795401
0.798808
0.7050918
0.6308062
0.6119985
0.8957916
0.9137725
0.9725952
0.9611669
1.007964
0.9638219
0.9856783
1.195627
0.9753722
1.136337
0.9512274
1.083382
0.9132742
1.189731
1.77141
1.469332
1.196301
1.002181
0.9254388
0.7839624
0.8536481
1.227925
1.043933
1.405378
1.181962
1.277825
1.3306
1.197209
1.307821
