7.594534
7.452298
7.250063
7.508355
6.938751
6.759199
6.953877
6.725019
6.623434
6.473005
6.600039
6.91987
6.892021
6.916143
6.743955
6.544894
6.686787
6.903017
7.361303
7.717139
8.013983
8.015957
8.3048
8.505322
8.800698
9.039982
9.090767
9.184621
9.640864
10.1012
10.20199
10.1971
10.37302
10.58756
10.52092
10.33254
10.28732
9.983845
10.09133
10.1742
10.07805
9.980214
9.909316
10.12957
10.27263
10.23201
10.04747
10.23833
10.41753
10.59458
10.58079
10.33084
10.32352
9.789743
9.498688
9.572086
9.963373
9.916314
9.549508
9.552155
9.586821
9.372354
9.400891
9.577926
9.631004
9.722507
9.724399
9.694835
9.519987
9.865742
9.891647
9.933023
9.709574
9.681767
9.34008
9.819341
9.848186
9.518843
9.031963
9.237381
8.940848
8.921869
8.751335
8.794996
8.35931
8.314064
8.492237
8.673252
8.642449
8.727969
8.717464
9.136357
8.987185
8.870237
9.315908
9.526007
9.930601
10.2397
10.15628
10.36279
10.47365
10.95867
10.67397
10.70462
10.73214
11.05375
11.00846
11.16339
11.46712
11.62619
11.60038
11.5686
11.44161
11.74984
11.73917
11.81254
12.01423
12.0431
11.99206
12.27699
12.61889
12.57081
12.56888
12.57351
12.51443
12.59082
12.53189
12.80126
12.94102
12.8244
12.81599
12.33255
12.32065
12.56282
12.56151
12.36492
11.91825
12.16603
12.17418
12.24178
12.01676
12.16645
12.26708
11.94613
12.10903
12.16766
12.33843
12.18457
12.08139
11.94043
11.87582
11.82713
11.84463
11.6791
11.7445
12.00572
11.60312
11.74674
11.76993
11.40857
11.36574
11.01523
10.60172
10.49597
10.52634
10.65388
10.56647
10.8154
10.95716
10.71041
10.89014
11.13025
10.87575
10.92142
11.15939
11.08526
11.41268
11.2319
11.05702
11.09819
11.13904
11.00122
11.10039
11.25306
11.07606
11.32092
11.15698
11.31376
11.38292
11.53322
11.53145
11.97769
11.64304
11.70777
11.83251
11.65591
11.89458
12.1569
12.16873
11.94486
12.12616
12.29681
12.25286
12.78649
13.1613
13.29823
13.7815
13.49338
13.47376
13.45299
13.03728
13.13802
13.57267
13.83515
13.88489
13.27669
13.14096
12.86916
12.87287
13.05386
12.90424
12.84328
13.26096
12.98446
12.63078
12.11931
12.17444
11.9571
11.70239
11.38871
11.09145
11.14796
11.35117
11.53947
11.55821
11.66929
11.71437
11.89814
11.95959
12.09025
12.22069
12.13728
11.91045
11.87572
11.88482
12.05555
12.17988
12.0575
12.05024
12.01578
12.0792
12.2439
12.30958
12.22644
12.62983
12.76587
12.9723
13.28544
13.35102
13.47306
13.45194
13.3711
13.5983
13.57169
13.46092
13.31254
13.44904
13.22077
13.34514
13.40358
13.25893
13.18541
13.42195
13.31082
13.81064
13.75131
13.87358
14.24002
14.33212
14.3165
13.90483
14.06699
13.83418
14.03118
13.90955
14.04103
13.97955
14.17945
14.3989
14.37626
14.42623
14.30399
14.35647
14.42645
14.1906
14.22669
13.97388
14.17847
13.78914
14.12824
13.923
13.52479
13.32935
13.38767
13.40075
13.30822
13.07379
13.00122
12.67511
12.88054
13.00172
13.01729
13.07317
13.12458
12.99565
13.07623
13.26023
13.0995
13.47132
13.62705
13.7688
14.2095
14.2063
14.15236
14.25728
13.92919
13.68496
13.88286
13.43265
13.59117
13.81713
13.66513
13.77904
13.75938
13.92272
13.39623
13.56972
13.38683
13.18772
13.48322
13.62847
13.64554
13.43061
13.46889
13.46715
13.13657
12.78349
12.83938
12.82169
12.6557
12.60417
12.50295
12.45421
12.69071
12.46638
12.31186
12.41807
12.27893
12.43884
12.51641
12.46502
12.68628
12.8178
12.87156
12.86006
12.93176
12.79862
12.29407
12.48272
12.49695
12.63686
12.12429
12.48794
12.307
12.01152
11.9675
12.29221
12.20931
12.17834
12.07158
11.94409
11.81241
11.55693
11.68348
11.69835
11.79957
11.8
11.46934
11.54469
11.25685
10.7693
10.76564
10.74667
10.88527
11.15729
11.0634
11.03365
10.50811
10.20563
10.25551
10.45501
10.34005
10.60771
10.74094
11.05589
10.96932
11.05061
11.00052
10.62129
10.77621
10.48489
10.79793
10.63963
10.91215
10.86474
10.83059
10.7936
10.85475
10.83618
10.95814
10.6059
10.51774
10.55815
10.7323
10.83168
10.72367
10.9942
10.80225
10.98789
11.14643
10.82519
10.88196
10.46953
10.6422
10.65881
9.873927
9.717864
9.265803
9.341615
9.485132
9.322192
9.326502
9.221772
9.149228
9.345379
9.405061
9.487305
9.279992
9.316254
9.369334
9.026273
9.581447
9.320398
9.323648
9.286921
9.550077
9.543232
9.360105
9.780046
9.857968
9.829888
9.626669
9.472255
9.718544
9.744704
9.589502
9.646539
9.467377
9.409043
9.410773
9.311827
9.010694
8.97551
8.994575
8.972784
9.376434
9.696793
10.06047
10.30485
10.20547
10.04696
10.46848
10.57302
10.75688
10.77051
10.65553
10.46126
10.35483
10.35087
10.49505
10.23521
10.36945
10.47502
10.67573
10.89889
11.07385
11.15366
10.97265
10.44217
10.45323
10.3826
10.39817
10.28724
10.5354
10.65958
11.06226
10.83781
10.82004
11.08401
11.57804
11.25309
11.16812
11.19131
11.41665
11.30244
11.3511
11.16012
11.27659
11.46063
11.38701
11.4016
11.58128
11.51215
11.60246
11.59447
11.6135
11.49918
11.78462
11.36717
11.20841
11.14784
11.00639
11.01181
10.85629
10.86178
11.06741
11.01295
10.85971
10.69855
10.49842
10.70161
10.59805
10.72602
11.02145
11.00378
11.10709
11.30245
11.20619
11.25447
11.2584
11.27881
11.22992
11.39917
11.15745
11.03974
11.47684
11.24634
10.80044
10.89565
10.97165
11.43804
11.40744
11.42048
11.5948
11.68292
11.50542
11.59122
11.4521
11.52114
11.3108
11.30718
11.44164
11.53965
11.84678
12.06061
12.01907
11.91175
11.8297
11.76364
11.42398
11.50258
11.46426
11.74265
11.64747
11.57454
11.65318
11.5744
12.00808
11.82843
12.0519
11.87944
12.21763
11.87287
12.16888
12.00897
12.36134
12.32059
12.32097
12.52604
12.54462
12.69236
12.86841
12.71165
12.65329
12.64927
12.78719
12.74558
12.78513
13.1459
13.21852
13.29468
13.09196
13.01532
13.33748
13.04807
12.72802
12.73069
12.71438
12.7415
13.1092
13.37309
13.35689
13.47706
13.60843
13.8789
14.06625
13.91762
13.80164
13.76549
13.44589
13.71018
13.57115
13.60889
13.91471
14.06916
14.33441
14.52547
14.48356
14.23386
14.34979
14.17622
13.94493
13.86503
13.91258
14.15648
13.8537
13.90741
13.78173
14.19938
14.11132
14.16381
14.06502
14.42406
14.09384
14.28935
14.49576
14.53292
14.84336
14.67704
14.8788
14.97486
15.1188
15.01033
15.04416
14.60807
14.99405
14.94513
14.71642
14.60911
14.51049
14.58318
14.51701
14.5715
14.43001
14.34524
14.13082
13.99463
13.95936
14.07731
14.0765
14.26464
14.61582
14.65082
14.65685
14.87782
14.56667
14.70869
14.95885
15.16764
15.17899
15.27323
15.75315
15.91553
15.63974
15.5881
15.56262
15.50629
15.89366
15.71494
15.69216
15.68364
15.5588
15.34485
15.04817
15.15704
15.25572
15.3723
15.27415
15.58643
15.64323
15.8461
16.2409
16.03237
16.00876
15.77607
15.91447
15.67534
15.87408
15.76006
15.98351
15.7229
15.71326
15.89504
16.00082
16.09499
16.07334
16.20219
16.26797
16.17789
15.82968
15.78777
15.52904
15.63344
15.6906
15.57323
15.8772
15.78497
16.0428
16.2535
16.29314
16.55906
16.2217
15.93517
15.8813
15.57808
15.91869
15.57694
15.94639
15.70529
15.45807
15.39977
15.53829
15.51764
15.70304
15.54034
15.26347
15.39742
15.48644
15.58679
15.59277
15.63457
15.42702
15.47037
14.92287
14.93435
14.46813
14.37074
14.73358
14.70903
14.52279
14.67539
14.94602
15.06215
14.88294
14.74489
14.9531
14.92595
14.77469
15.0695
14.93978
14.99721
15.13068
15.14534
15.30936
15.11865
15.37647
15.48653
15.60086
15.46079
15.82828
15.36887
15.53823
15.26814
15.48424
15.42006
15.45507
15.21979
15.32585
15.30662
15.23611
15.01588
14.81243
14.8634
14.83712
14.7151
14.71855
14.80301
14.62674
14.69208
14.54506
14.57675
14.56666
14.39668
14.69086
14.62583
14.56147
14.25246
14.36547
14.66855
14.53792
14.39956
14.41284
14.2777
13.99367
13.95997
14.11878
14.14502
14.01803
14.00761
14.13518
14.08735
13.71404
13.82104
13.91541
13.70024
13.4653
13.79343
13.56911
13.52559
13.50323
13.41507
13.41572
13.34045
13.43857
13.44395
13.32505
13.49894
13.2702
13.18158
13.01739
13.23996
13.32998
13.36144
13.52135
13.23799
13.2776
12.89857
12.99789
12.94444
13.41774
13.35611
13.60269
13.44069
14.12567
14.39358
14.39587
14.63683
14.71039
14.60964
14.33377
14.2832
14.28262
14.51892
14.6888
14.81407
14.89789
14.96456
14.77483
14.42139
14.77999
15.2579
15.10183
14.91903
14.9802
15.10975
14.89153
14.42536
14.50622
14.47498
14.41196
14.35942
14.2701
14.18904
14.14516
13.9952
13.73638
13.88693
13.78808
13.84035
13.72668
14.05938
13.62687
13.43327
13.29637
13.4907
13.62428
13.88004
13.8772
13.90757
13.88401
14.31034
14.09838
13.78513
13.64129
13.78454
13.76667
14.17563
14.08586
14.25765
14.41197
14.52758
14.15269
14.40883
14.28431
14.07998
14.64243
14.77023
14.822
14.59939
14.54791
14.55767
14.89679
14.9714
14.85085
14.8462
14.98249
14.86783
14.93533
14.80059
14.72787
14.90249
15.08698
15.27417
15.18838
14.8552
15.22485
15.00315
14.94966
15.14285
15.28535
15.23116
15.15778
15.2146
15.29209
15.3622
14.82516
14.57842
14.9079
14.87607
14.79886
14.70247
14.5891
14.70046
14.87372
14.68014
15.14892
15.29319
15.16797
15.3375
15.17549
15.34249
15.26853
15.04972
14.89289
15.10366
14.83875
14.90576
15.12842
14.98425
14.81204
14.65164
14.66698
15.02035
15.29897
15.13345
15.41335
15.23299
15.50514
15.67405
15.59226
15.78466
15.84539
15.68532
15.71088
16.02842
16.34446
16.65288
16.94091
16.83465
16.9398
16.94037
16.68854
16.8486
16.75093
16.69682
16.38233
16.40522
16.81409
16.57425
16.83255
16.54434
16.81837
16.73486
16.93627
17.09372
16.73915
16.5331
16.77127
16.79784
16.78596
17.2307
17.03375
17.39258
17.45713
17.23945
17.58808
17.73516
17.6302
17.63113
17.33075
17.27302
17.43342
17.18829
17.06829
17.43439
17.56105
17.52028
17.72717
17.65606
17.59786
17.59898
17.06121
16.72994
16.6943
16.48843
16.44326
17.13025
17.20609
17.22416
17.23536
17.44298
17.40582
17.52376
17.72426
18.11501
17.95371
18.04525
17.82802
17.94143
17.85267
17.49261
17.50967
17.43111
17.43123
17.32868
17.29772
17.57466
17.95598
17.76066
17.31544
17.36827
17.71727
17.9788
18.5138
18.51354
18.36187
18.49545
18.77187
18.86148
18.91527
18.80139
18.59373
18.17168
18.00015
18.15414
18.14826
17.90411
18.30926
18.33993
18.2103
18.5539
18.59125
18.77151
18.96857
18.98824
19.01518
19.01619
18.89767
18.60057
18.41505
18.48857
18.66705
18.2827
18.37359
18.31824
17.89259
17.98079
18.23033
18.5868
18.67145
18.71372
19.10161
19.32042
19.00949
18.93235
18.76159
18.77879
18.50829
18.74767
19.04578
19.25418
19.53972
19.78685
19.89879
19.83029
19.48272
19.83224
19.73245
19.75076
19.97418
19.89004
20.23734
20.52083
20.55716
20.21163
20.27135
20.45015
20.60164
20.45296
20.73515
20.87177
21.00879
21.32676
21.29321
21.64823
21.9165
21.9635
22.0662
21.83518
22.1318
22.17044
22.09114
21.94674
22.16425
22.27007
21.81183
21.63313
21.63665
21.49072
21.23054
20.72577
20.76894
20.30527
20.45449
20.54158
20.39243
20.55106
20.55167
20.73813
20.85644
20.83455
20.60091
20.87073
20.70757
20.52596
20.32942
20.16957
20.0904
19.92794
19.75592
19.50217
20.14906
20.23696
20.30348
20.57534
20.69438
20.74187
20.70345
20.34174
20.41186
20.11892
19.98315
20.1844
20.0161
20.2141
19.99326
20.07705
20.1523
20.36033
20.4934
20.47943
19.78881
19.87343
19.9827
20.35637
19.97607
20.10559
20.30645
20.02038
20.32276
20.31822
20.61517
20.70968
20.58005
20.51706
20.61674
20.70801
20.62338
20.59235
20.21815
20.36246
20.30983
20.44484
20.13592
20.01392
19.97683
20.07487
19.85266
19.44206
19.42456
19.72037
19.77254
19.19074
18.75745
18.70611
19.09323
19.05344
19.47055
19.76056
19.66704
19.67315
19.9324
19.8986
19.66917
19.6222
19.9212
20.06524
19.96937
19.97885
19.76691
19.66919
19.80101
19.67725
19.71073
19.70561
19.91092
19.58538
19.99328
20.10872
19.90594
20.08748
20.21007
19.82256
19.82584
19.75966
20.14673
19.9892
19.94902
19.89354
19.3987
19.30624
19.38202
18.98523
18.85377
18.58361
18.79285
18.77304
18.74756
18.85479
18.98167
18.98963
19.40603
19.44717
19.79696
19.62853
19.61851
19.66091
19.78558
20.21216
20.3916
20.44825
20.47415
20.23283
20.04105
19.55236
19.57412
19.90029
20.12602
19.89748
20.00687
19.81881
20.07588
19.93308
19.80795
19.95136
20.02001
20.05313
20.03241
19.99402
20.37178
20.7303
20.5856
20.55148
20.60231
20.05408
19.94752
20.00838
19.9097
19.65644
19.86911
19.55215
19.90094
20.15619
20.35427
20.10695
20.22276
20.1706
19.88151
20.05745
20.04411
20.05824
19.67588
19.67472
19.89577
20.0231
20.24109
20.58857
20.42543
20.33098
20.21717
20.46433
19.99206
20.21354
20.4522
20.82194
20.96503
21.08832
20.99084
20.92186
21.18842
20.86113
20.78257
20.6144
20.81547
20.85843
20.73211
20.66547
20.91325
20.9566
21.05446
20.76597
20.98898
21.19089
21.07712
21.08205
21.00937
20.84657
20.88794
20.86121
20.82884
20.79123
20.73307
20.50881
20.71331
21.07398
20.88031
20.71726
20.67061
20.82112
20.76498
20.46711
20.66113
20.28196
20.86563
21.0173
21.21903
21.20075
21.06653
20.92695
21.18565
21.00518
20.94817
21.06719
21.12283
21.2197
21.27336
21.21507
21.30314
21.39661
21.47485
21.66832
21.77075
22.52784
22.38677
22.71714
22.645
22.81033
22.58286
22.51646
22.52119
22.53062
22.59793
22.48053
22.48255
22.40117
22.25952
22.35404
22.11364
22.35467
22.70755
22.48732
22.76804
22.67549
22.73535
22.26988
21.92191
21.95439
22.11785
22.1356
22.37643
22.49263
22.81493
22.37316
22.22592
22.25465
22.35073
22.27196
22.24816
22.25912
22.57043
22.52077
22.67364
22.26212
22.53224
22.30414
22.18704
22.73002
22.47219
22.37188
22.3338
22.61961
22.48658
22.62819
22.89739
22.21509
22.00396
22.37716
22.01252
22.1335
22.08943
21.99897
22.08783
22.37785
22.5955
22.40536
22.47033
22.48071
22.69002
22.65798
22.89722
23.01355
23.2335
23.66195
23.98903
24.35799
24.45166
24.33183
24.20486
24.01372
23.84101
23.93369
23.86025
23.75286
23.49942
23.21244
23.04077
23.16535
23.35423
23.13412
23.21315
22.95972
22.72387
22.6381
22.36358
21.93123
21.7609
22.05539
22.04966
21.7265
21.89362
21.97308
21.92406
21.70611
21.67315
21.97826
22.07287
22.01077
22.22565
22.21253
21.73078
21.22691
21.6364
22.13223
22.04992
21.8342
21.47316
21.45636
21.74686
21.90125
21.79144
21.76835
21.71889
21.94104
22.0388
22.0141
22.12941
22.20436
22.52606
22.33191
22.36896
22.49438
22.4118
22.42565
22.34718
22.07296
22.42775
22.04444
22.16043
22.43027
22.70391
22.63821
22.59421
22.66576
22.52388
22.29203
22.1741
22.23171
21.47531
21.13158
21.01701
21.21409
21.21714
21.2689
21.207
21.13146
21.12753
21.41839
21.67098
21.63455
21.58183
21.85713
21.76434
21.95593
22.3365
22.55073
22.66103
22.29319
22.48188
22.34191
22.25859
22.18835
22.00652
21.95482
22.06341
22.0363
22.22394
21.88613
21.80251
22.02331
21.9649
22.05973
22.24127
22.14816
22.3507
22.75384
22.55504
22.9303
23.10152
23.07203
23.01267
22.82821
22.85476
23.08526
22.74966
22.62329
22.36094
22.34506
22.11994
22.05385
21.71794
21.80194
21.73423
21.7946
22.03084
22.0713
21.97395
22.01184
21.73177
21.85863
21.68005
21.23426
21.35706
21.4569
21.34124
21.01698
21.29192
21.86322
22.13859
22.08371
21.99375
22.37267
22.49844
22.69383
22.84274
22.5214
22.76375
22.77636
23.08205
22.69752
22.75025
22.86199
22.69425
22.74496
23.01271
22.79085
23.29494
23.10925
23.36287
23.42657
23.5225
23.67334
23.43448
22.94537
22.68543
22.54332
22.25839
22.32028
22.46119
22.28217
22.30595
22.53179
22.72339
22.31616
22.44232
22.24244
22.278
22.25417
22.47381
22.05569
21.81152
22.00362
22.06931
21.84186
21.81129
21.21459
20.89454
20.23516
20.43681
20.49983
20.47563
20.16809
19.96925
19.90925
19.82922
19.82125
19.54458
19.82566
19.77174
20.19317
20.07586
19.83724
19.92883
19.84821
19.74307
19.8294
19.73388
19.91542
19.74071
19.59333
19.60877
19.83432
19.49895
19.29204
19.30653
19.0585
18.9369
18.71495
18.78698
18.70155
18.53919
18.84255
18.67462
18.97341
19.1393
19.73285
19.81987
19.71117
19.91317
20.24539
20.13997
20.04701
20.21205
19.93358
20.00588
20.09445
20.04581
20.01344
20.15048
19.88072
19.95682
20.05475
19.92804
20.03675
20.07088
20.15608
19.86758
20.0312
19.81914
19.74133
19.84151
19.76681
20.13886
19.99374
20.17659
19.89569
19.62909
19.4906
19.56075
19.6798
19.96559
20.09191
20.12833
19.84812
20.17928
20.16723
20.163
20.11815
20.33503
20.50828
20.36651
20.16763
20.09359
20.27467
20.13186
20.32129
20.37802
20.65346
20.33339
20.3771
20.24664
19.93251
19.7494
19.77554
19.9087
19.4542
19.40436
19.38892
19.7164
19.83815
19.66171
19.47651
19.51832
19.23231
19.22241
18.92597
18.76034
19.11138
19.34776
19.58805
19.53686
19.6816
20.00273
20.16713
20.01808
19.64942
19.30271
19.1496
19.12334
19.16516
19.08472
19.09817
18.96053
18.70646
18.62582
18.59239
18.34786
18.34209
18.36847
18.33567
18.24984
18.2565
18.28741
17.97257
18.04244
18.00883
18.14294
18.02254
17.8825
17.86681
18.2169
18.19791
18.35403
18.3432
18.44662
18.42411
18.22668
18.13025
17.88655
18.27833
18.24025
18.39128
18.36318
18.21691
18.31884
18.25769
18.19627
18.29334
18.2847
17.8563
17.84299
17.48564
17.432
17.68907
17.76564
17.66736
17.51189
17.36954
17.15909
17.02613
16.75781
16.86413
16.8498
16.76526
16.97241
16.80541
16.99826
17.25552
17.55095
17.09035
16.7069
16.80741
16.49959
16.73317
16.55593
16.67419
16.49201
16.60377
16.49696
16.28035
16.38047
16.46485
16.94999
17.0115
16.94806
16.74494
16.63219
16.6178
17.06309
16.92127
16.75023
16.68174
16.67945
16.90344
17.27773
17.03629
17.20866
17.51759
17.76234
17.82427
17.85864
18.13609
18.36968
18.51731
18.58472
18.2534
18.03118
18.02981
18.08959
18.06912
18.10877
18.06152
18.09377
18.09226
18.01759
18.27727
18.07035
18.22182
18.33817
18.35203
17.95379
17.67368
17.6332
17.57732
17.33967
17.24148
17.24061
17.12275
17.38202
17.39896
17.81543
17.92179
17.8228
17.74851
17.9493
18.08929
18.0397
18.10117
18.17201
18.18191
18.06865
17.70646
17.77731
17.8077
17.5268
17.41292
17.07211
16.94256
17.24879
16.84274
17.10583
17.27176
17.41774
17.15979
16.8226
16.96528
17.04168
17.40643
17.34907
17.88793
17.83909
17.69333
17.48285
17.59695
17.92295
17.97996
17.86948
17.81334
17.28874
17.40554
17.21986
17.605
17.84721
17.77906
17.60197
17.87665
17.59957
17.4923
17.19059
17.20852
17.41654
17.53035
17.25444
17.24823
17.22653
17.16221
17.37998
17.12554
17.59192
17.60208
17.66401
17.65781
17.55202
17.87492
17.79601
17.87954
18.01324
17.75504
17.76071
17.3066
17.56728
17.67385
17.50576
17.17431
17.50216
17.564
17.40126
17.53546
17.52899
17.4728
17.62094
17.53145
17.51949
17.46821
17.62089
17.73732
17.71555
17.54377
17.73059
17.66199
17.46263
17.43483
17.59287
17.38969
17.63789
17.6077
17.70341
17.62619
17.46345
17.29773
16.96447
16.99752
16.96647
17.05626
17.11802
17.35268
17.64923
17.76266
18.06022
18.01817
18.04357
18.30608
18.3357
18.40531
18.25043
18.09327
18.22754
18.39605
18.10421
18.26613
18.34843
18.47286
18.3292
18.24786
18.06725
17.69333
17.46536
17.87431
17.60773
17.55812
17.71728
17.80588
17.98015
18.1957
18.51375
18.61316
18.34076
18.3925
18.89659
19.309
19.51838
19.42439
19.4623
19.49063
19.45634
19.41923
18.90145
18.82561
18.80534
19.00621
19.4041
19.67566
19.7605
19.73165
19.73651
19.72891
20.01939
19.97929
19.51155
19.58053
19.31006
19.04665
18.9929
18.38349
18.32968
18.20095
18.20104
17.78802
18.10581
18.03917
18.16248
17.97013
17.88133
18.14909
18.33511
18.35759
18.48649
18.81365
18.72951
19.10798
19.08931
19.39066
19.37274
19.39529
19.52769
19.53391
19.48018
19.61219
19.28158
19.60657
19.43911
19.42124
19.54535
19.72167
19.81348
19.7724
19.39692
19.28813
19.14659
18.90138
18.80084
19.27658
19.49182
19.29287
19.37619
19.45364
19.54195
19.15734
19.10968
19.28089
19.1983
19.43096
19.31214
19.15045
19.00389
19.00926
19.19422
19.07425
18.7819
19.02844
19.18159
19.27923
19.33139
19.35104
19.3139
19.4159
19.63417
19.70129
19.44735
19.35375
18.96747
18.71364
18.82222
18.97442
18.81261
18.50807
18.75847
18.72623
18.71073
18.75934
18.48809
18.63727
18.65534
18.71338
18.92158
19.08901
19.20866
19.07866
18.61908
18.49089
18.40646
18.4894
18.2664
18.40343
18.57696
18.69268
18.4286
18.09472
17.66131
17.58683
17.24177
16.91946
16.6069
16.75758
17.11857
17.43758
17.49352
17.23519
17.22953
17.04307
16.94468
16.79705
16.76261
16.95359
17.39879
17.59932
17.68305
17.67449
17.69058
17.46294
17.63479
17.50167
17.87147
17.30917
17.24881
17.17758
17.48637
17.41937
17.40182
17.26444
17.25927
17.38131
17.80568
17.74006
17.89738
18.06885
17.84074
17.97344
17.97202
18.25089
18.27068
17.74412
17.82334
17.94649
17.98413
17.96396
17.92788
18.08051
17.87796
17.81497
17.71009
17.76319
17.31986
17.12256
17.305
17.12349
16.87561
16.83298
16.86968
17.11262
17.17207
17.08402
17.30722
17.17904
17.06695
17.51367
17.38703
17.09864
16.81233
16.36577
16.31709
16.23941
16.58818
16.92514
16.93034
16.78881
16.89242
16.94442
16.81348
16.72746
16.91281
16.80653
16.18263
16.51276
16.49075
16.32944
16.21297
15.93529
15.36811
15.5692
15.32007
15.62211
15.78813
15.84521
15.85919
16.12433
16.22273
16.04904
15.65161
15.60608
15.7522
15.43877
15.40109
15.15102
15.07621
14.98665
14.56376
14.40317
14.20697
13.93295
13.79574
13.75559
13.60816
14.00234
14.20825
14.26637
14.4498
14.75144
14.56068
14.43134
14.56057
14.71236
14.99133
15.00636
15.07356
14.89186
15.20766
15.2687
15.46957
15.19165
15.4642
15.58071
15.62203
15.74334
15.5001
15.50772
15.45417
15.44457
15.23287
15.30148
15.25738
15.38081
15.53151
15.10121
15.05432
14.92262
15.0671
14.98649
15.23036
15.31092
15.2373
15.00209
15.18815
15.01139
14.8369
14.6718
14.55433
14.59233
14.70556
15.07975
14.99362
15.11888
14.9233
14.75386
14.93717
15.42543
15.33802
15.07424
15.03872
14.93967
14.90418
14.87813
14.56156
14.59575
14.68664
14.59023
14.73712
14.69334
14.99526
14.848
14.89119
15.16608
15.30512
15.28825
15.37811
15.46614
15.52686
15.80697
15.37293
15.40118
15.10274
15.18065
15.25467
15.16341
14.85957
14.57852
14.48909
14.13456
14.0172
13.79607
13.68817
13.54172
13.88534
13.72444
13.53928
13.66058
13.02497
13.17752
12.95065
13.18356
13.2929
13.50708
13.5863
13.47309
13.501
13.56705
13.27911
13.22185
13.15416
13.08521
13.16057
12.8211
12.42577
12.55461
12.78654
12.58747
12.726
12.70239
12.73712
12.96246
12.89277
13.01701
12.90262
12.9916
12.78392
12.72354
12.89199
12.8123
12.67191
12.66549
12.84963
12.92367
12.94911
13.29292
13.32141
13.45948
13.56285
13.52003
13.2631
13.29832
13.46616
13.49155
13.54722
13.42198
13.53597
13.91015
13.72392
13.66543
13.68955
13.80477
13.67948
13.93923
13.95307
13.66017
13.87162
13.61694
13.79392
14.27163
14.06544
14.12506
14.23112
14.23656
14.42431
14.54502
14.36723
14.18524
14.0292
14.07585
13.88472
14.2072
14.14519
14.11809
14.19351
14.17449
13.99877
13.97011
14.0262
14.10311
14.26638
14.31347
14.43758
14.69516
14.24871
14.04771
13.87987
13.70584
13.63714
13.61584
13.2907
13.07131
13.24472
12.81051
12.79521
12.84156
13.05659
13.05504
13.06878
13.16329
13.17205
13.01859
13.32327
13.45201
13.51446
13.50573
13.42586
13.05592
13.08021
13.15743
12.51588
12.28372
12.35783
12.63786
12.63003
12.47426
12.65616
12.93991
13.11653
13.04728
12.92092
13.24274
13.14473
13.22661
13.01347
13.35284
13.35743
12.99134
13.17525
13.00148
12.67476
12.61929
12.23996
12.30859
12.04192
12.25812
12.49398
12.39907
12.49347
12.47231
12.67141
12.84691
12.84878
13.07359
12.92085
13.05682
12.96046
12.95561
12.77305
12.49004
12.58267
12.48491
12.91911
12.79166
12.60858
12.9658
12.70412
12.44871
12.53814
12.19793
12.27141
12.1471
12.72158
12.8631
12.67983
12.58953
12.92252
12.72464
12.31687
12.53909
12.48632
12.96711
13.17437
13.18463
13.28375
13.45651
13.60994
13.36648
13.39222
13.70067
13.74603
13.85145
14.4475
14.35611
14.22071
14.11422
14.43541
14.48188
14.27688
14.02888
14.23822
14.50746
14.49817
14.28516
13.84144
14.02506
14.39641
14.41593
14.272
14.21918
14.05419
14.17751
14.44979
14.28337
14.0853
13.97862
13.55927
13.08288
13.25944
13.65779
13.4284
13.40745
13.41817
13.55974
13.60556
13.75434
13.67137
13.95103
13.82621
13.82543
13.72403
13.5739
13.71805
13.62356
13.75866
13.68079
13.40177
13.51274
13.90903
14.13174
14.09636
14.6242
14.50379
14.31983
14.06739
14.19661
14.32545
14.20371
14.14736
14.34599
14.4251
14.53298
14.48667
14.10757
13.95129
13.78984
13.77476
13.77581
14.34337
14.481
14.4358
14.5344
14.50297
14.46179
14.58383
14.31996
14.43868
14.33963
14.37577
14.4787
14.62526
14.87506
14.72176
14.7118
14.45692
14.30882
14.97121
15.128
15.03208
15.18686
15.26509
15.25551
15.37121
15.81789
15.88222
15.87085
16.01051
16.24351
16.38092
16.10618
15.63954
15.83459
15.69504
15.63091
15.56351
15.30471
15.2924
15.31424
15.27034
15.30671
15.34117
15.65107
15.39509
15.2044
15.18683
15.14081
14.96852
14.97618
14.5517
14.31738
13.99581
13.72664
13.52979
13.64162
13.71461
13.48142
13.56869
13.36938
13.27773
12.93513
12.56564
12.38981
12.25281
12.0056
11.88232
11.54254
11.7157
11.90188
11.93248
12.24242
12.09644
11.91661
11.99863
12.15008
12.21608
12.35154
12.46836
12.07988
12.07207
12.30811
12.33208
12.58535
12.36509
12.4779
12.46996
12.76235
13.07159
13.12348
12.86278
13.11133
12.97646
12.76691
12.95424
13.20533
13.45433
13.72304
13.50003
13.52807
13.46764
13.21928
13.34419
13.28632
13.23129
13.26763
13.21969
13.157
13.19425
12.84307
12.84971
12.73018
12.79261
12.60605
12.55381
12.48216
12.46578
12.21627
12.11598
12.52696
12.6422
12.63148
12.4343
12.49889
12.00209
12.22055
12.55647
12.37267
12.45104
12.31638
12.61984
12.28571
12.41542
12.43805
12.47524
12.64255
12.87436
12.41789
12.66612
12.80285
12.67496
12.4282
12.63555
12.58534
12.20557
12.63373
12.6038
12.60014
12.60505
12.36643
12.58625
12.42323
12.59322
12.35272
12.1659
12.03661
11.924
11.98115
11.70251
11.66234
11.91188
11.93858
11.62377
11.62196
11.72415
11.50913
11.70606
11.55713
11.82105
11.807
11.48564
11.69703
11.68195
11.81872
12.22971
11.8541
12.05263
12.32254
12.50071
12.29712
11.93647
12.13328
12.29241
12.05396
11.74001
11.90434
12.17933
12.23104
11.85802
12.03675
11.96176
12.18071
12.32537
11.97044
12.05593
12.10651
12.27149
11.98385
11.88445
11.8885
11.98137
11.6974
11.38455
11.32943
11.2475
11.20703
11.06784
11.10295
10.9564
11.09021
11.33696
11.4712
11.39519
11.22379
11.37075
11.60252
11.5669
11.40041
10.98189
10.76239
10.91901
11.15294
10.93664
11.03348
11.58662
11.53445
11.59185
11.61655
11.79847
11.69455
11.7917
11.86558
11.89317
12.2027
12.16678
12.16823
11.93839
12.22841
12.47092
12.61544
12.59873
12.39538
12.64336
12.67794
12.55826
12.357
12.48206
12.37365
12.50763
12.52086
12.3691
12.03596
11.81876
11.86577
11.9656
11.80791
11.7249
11.92977
11.84668
11.76967
11.78204
11.47121
11.58503
11.64122
11.54938
11.57568
11.64688
11.57278
11.35595
11.54117
11.98179
12.05879
12.21666
11.98808
12.15497
12.09806
12.13961
11.90789
11.57444
11.49474
11.51313
11.85512
11.81661
11.95132
11.85682
11.97867
12.0316
12.03985
11.65909
11.24254
11.4476
11.09252
11.18297
11.05357
10.66096
10.73632
10.56701
10.34692
10.46929
10.60765
10.85883
10.89972
10.79743
11.08146
10.89569
10.68775
10.88289
11.0117
10.71594
10.86198
10.91692
11.12079
10.80667
10.5781
10.5322
10.5701
10.53101
10.15767
10.49568
10.52595
10.44438
10.59882
10.40079
10.26077
10.32878
9.99518
10.17437
9.972376
9.534172
9.39911
9.390433
9.756453
9.646665
9.767165
9.716353
9.77076
9.760128
10.02379
9.858537
9.940078
9.821971
9.660643
9.613282
9.485055
9.274431
8.915284
8.984428
9.025234
9.044429
8.578442
8.153704
7.941009
8.180683
8.18723
7.985378
7.80474
7.77373
7.965952
7.82265
7.844703
8.010214
8.10602
7.974546
7.703685
7.911482
7.672052
7.356607
7.331291
7.396019
7.26737
7.516432
7.401594
7.343098
7.527434
7.007869
7.053896
6.943662
6.635543
6.617561
6.625777
6.118638
5.875698
5.91218
5.930595
5.961146
5.864363
5.590205
5.643835
5.679942
5.451187
5.452293
5.615511
5.677642
5.359736
5.5381
5.607944
5.364792
5.476093
5.618475
5.82658
5.685805
5.693304
5.936316
5.825889
6.080011
5.626148
5.392906
5.317066
5.437416
5.603731
5.695338
5.941315
5.911261
5.852672
6.381956
6.165981
5.96436
5.688341
5.828628
6.028663
5.947375
5.888602
6.300626
5.962147
6.230584
6.532833
6.590675
6.611462
6.415457
6.550999
6.557176
6.898688
6.643409
6.552614
6.80536
6.551678
6.812704
6.888101
6.859218
6.777984
7.143304
7.357142
7.380282
7.812614
7.97087
8.21323
8.135502
7.968661
7.996983
7.962728
7.979575
8.301397
8.384389
8.451587
8.424372
8.463865
8.349708
8.064028
8.292047
8.341314
8.483484
8.451208
8.688546
8.615931
8.632393
8.208424
8.235214
8.240338
8.203437
8.06132
8.004529
7.989621
8.073019
8.026407
7.899438
7.760258
7.590184
7.771116
7.80723
7.857972
7.988779
8.327068
8.160364
8.391242
8.527208
8.622645
8.670291
8.839966
9.048283
9.053698
8.985554
8.553252
8.210049
8.175225
8.245368
8.082877
7.971178
7.95987
7.871248
7.774595
7.799073
7.465713
7.580684
7.667923
7.3947
7.391947
7.706984
8.123196
7.809616
8.014918
8.082875
7.922316
8.521453
8.665848
8.86153
8.743507
8.663162
8.554424
8.45945
8.610489
8.498408
8.117986
8.577313
8.777044
8.637731
8.65117
8.800692
8.710434
8.404791
8.860819
8.761467
8.353369
7.882356
7.983654
8.027657
7.870158
8.013914
8.174474
8.113991
8.032002
7.73217
7.448693
7.555418
7.458646
7.480683
7.472083
7.524583
7.510451
7.815703
8.092344
7.984593
8.424641
8.549732
8.504941
8.689388
8.786894
8.641226
8.491928
8.596689
8.740155
8.878385
8.93191
9.138328
9.22875
9.307655
9.118675
8.968899
8.882266
8.876905
8.550357
8.384243
8.278036
8.212693
8.201699
8.047317
7.781068
7.802147
7.70797
7.316834
7.121313
7.165111
7.561362
7.363707
7.383488
7.274185
7.274505
7.398332
7.275921
7.496649
7.502945
7.664137
8.018857
8.242777
8.278768
8.254107
8.268265
8.196442
8.255366
7.622928
7.366012
7.401765
7.492816
7.635302
8.202568
8.137792
8.256653
8.527334
8.930674
9.097214
8.881081
9.354773
9.720261
9.919575
9.805183
9.966495
9.944137
10.41231
10.32968
10.8137
10.5927
10.53901
10.18962
10.32959
10.18485
10.40984
10.10851
10.42584
10.65178
10.62611
10.50011
10.61477
10.60481
10.55762
10.47592
10.21609
9.957885
9.706326
10.20635
10.03159
10.21444
10.19577
10.1459
9.929063
10.08457
10.42039
10.60177
10.82841
11.0564
10.90308
10.67827
10.6602
10.98044
10.79868
10.81793
10.72118
10.47953
10.41965
10.37763
10.45097
10.06093
10.41403
10.6125
10.40407
10.73005
10.7578
11.00744
11.1038
11.11648
11.30756
11.15362
11.08376
10.88675
10.73857
10.68541
10.54304
10.67783
10.5576
10.61578
10.53968
10.58915
10.10614
10.05782
10.10802
9.88195
9.741132
9.202785
9.135199
9.360866
9.371873
9.221113
9.214512
9.134524
9.048442
9.103706
9.164998
9.081531
9.431561
9.320844
9.296912
9.524625
9.51399
9.417351
9.378143
9.501553
9.480076
9.361457
9.435521
9.388084
9.532609
9.675561
9.505403
9.552248
9.711093
9.462929
9.838663
9.673434
9.167431
9.239724
9.326549
9.283106
9.650044
9.349402
9.05763
9.058056
9.006792
8.778966
9.091154
8.940103
9.365422
9.672212
9.464561
9.537855
9.659688
9.871492
9.855582
9.893308
9.897091
9.609917
9.731722
9.465965
9.764558
9.590034
9.571485
9.529343
9.930448
10.04312
9.950998
10.22866
10.38734
10.50692
10.50183
10.22596
10.30994
10.70535
10.90963
10.87337
11.01716
10.89368
10.9256
10.80066
10.83153
10.98533
11.33545
11.10832
11.132
11.55201
11.59596
11.81466
11.99692
12.13391
11.70918
11.52945
11.03764
11.09941
11.27927
11.11852
11.21752
11.26599
11.22789
11.36136
11.37066
11.54226
11.56219
11.81405
11.50774
11.16586
11.1239
10.89624
10.6185
10.85709
10.81546
10.91817
11.11699
10.9657
10.8692
11.05059
10.99682
11.01325
10.97929
10.84091
11.00525
11.23978
11.58887
11.58007
11.4813
11.8569
12.05067
11.88059
12.08741
11.73777
11.36358
11.45523
11.32038
11.41693
11.42451
11.30221
11.17142
11.4891
11.49147
11.588
11.5038
11.67828
11.26947
11.27322
11.39104
11.43359
11.42391
11.06065
11.15473
11.13691
10.89572
10.72405
10.5813
11.03326
10.78798
10.97166
11.24758
10.97649
11.16212
11.08777
11.40761
11.48821
11.38671
11.275
11.20166
11.32212
11.39008
11.29197
11.2227
10.97285
11.35036
11.27446
10.78085
10.86346
10.67854
10.6615
10.55834
10.74395
10.83628
11.09081
11.05698
11.15366
11.29909
11.40263
11.35597
11.23578
11.13923
10.67253
10.8376
10.88295
10.56102
10.51066
10.33021
10.08448
9.9248
10.18288
10.51386
10.56291
10.47506
10.46407
10.6111
10.7147
10.87349
10.63295
10.81738
10.88024
10.78075
10.48261
10.31161
10.0563
9.88686
10.0125
10.19433
10.3419
10.455
10.48609
10.80817
10.83539
10.47474
10.58704
10.5975
10.58818
10.57008
10.3652
10.47504
10.33382
10.264
10.77819
10.34029
10.36911
10.64743
10.56238
10.74775
10.72178
10.68176
10.73386
10.57699
10.38664
10.03594
10.08328
10.23712
10.27098
10.11381
10.07603
10.15093
9.749763
9.571251
9.355165
9.346943
9.074538
9.045975
9.878739
9.801456
10.03132
9.997403
9.884813
9.887603
9.976747
10.35632
10.33287
10.51566
10.76498
10.71187
11.15035
11.43521
11.38822
11.60318
11.30188
11.40341
11.32371
11.01103
10.77625
10.96634
11.24252
11.0723
11.25657
11.08007
11.33319
11.48683
10.88927
10.81088
10.78458
10.8742
10.54445
10.5874
10.57963
10.75755
10.55843
10.66091
10.88323
10.95535
11.14412
11.30819
11.68108
11.33992
11.27638
11.04438
11.15576
11.0977
10.92595
10.7453
10.57809
10.76907
11.16028
11.12023
11.38452
11.47035
11.27865
11.17545
11.32696
11.19219
11.32006
11.17572
10.85838
10.77356
11.05454
10.88896
10.42756
10.26125
9.949008
10.1537
10.0706
9.741621
9.994424
9.832004
9.867642
9.702927
9.748086
9.666229
9.532439
9.886205
10.11746
10.09336
10.10684
9.943706
10.02839
9.926658
9.941501
9.406926
9.656157
9.886262
9.756034
9.700155
9.691702
10.02983
9.879106
9.934418
9.858845
9.995745
10.55164
10.247
10.22887
10.08531
9.94624
10.03531
9.84347
9.692631
9.456925
9.584699
9.406095
9.675538
9.875434
9.65183
9.708043
9.917146
9.750752
9.777485
9.627973
9.732726
9.686937
9.613945
9.620986
9.684175
10.0284
9.797034
9.657986
9.123344
9.058386
9.068026
8.853991
9.030983
8.666378
8.738034
9.039182
9.176571
9.275564
8.892226
9.345412
8.867521
8.551827
8.364498
8.122471
7.837635
7.713773
8.091331
7.929868
7.340736
7.11472
7.27489
7.05609
6.753354
6.640979
6.676955
6.532274
6.55816
6.67133
7.032823
7.327777
7.314648
7.238994
7.063714
6.936179
7.008273
6.997381
7.260143
7.290127
7.111401
7.175969
7.215722
7.125633
7.467019
7.601867
7.957696
7.878977
7.838772
7.536124
7.752719
7.979544
8.047536
8.04252
8.213445
8.43738
8.227121
8.012108
7.842349
7.841184
7.780108
8.12912
7.712727
7.430667
7.633278
7.356418
7.568136
7.501407
7.475668
7.792796
7.761447
7.707274
8.049082
7.993862
7.817876
8.142147
8.139124
7.981032
8.199969
7.920149
7.799204
7.59296
7.464173
7.15077
6.825995
6.867179
6.6401
6.519937
6.571035
6.758346
6.618718
6.700216
6.692943
7.049481
6.743112
6.734823
6.692494
6.530209
6.516209
6.121775
5.915439
6.127169
6.230986
5.755963
5.565264
5.420699
5.509857
5.941155
5.405554
5.644167
5.274732
5.432182
5.83642
5.995199
6.172635
6.272613
6.470638
6.927052
6.815965
6.583748
6.374719
6.403589
6.424151
6.376486
6.481665
6.653905
6.838649
7.046435
7.308646
7.499685
7.303387
7.261497
7.514742
7.593757
7.670816
7.287388
7.141008
7.154652
6.994287
7.271296
7.124961
7.094896
7.200748
7.41456
7.370823
7.354335
7.369647
7.481823
7.125586
6.939747
7.002165
6.807049
6.777596
6.387961
6.400292
6.287417
6.40425
6.142664
6.286184
6.458785
6.407518
6.327167
6.678822
6.461589
6.413448
6.930693
7.267449
7.340162
7.872764
7.682497
8.033925
8.151863
8.142064
7.986511
7.715035
7.639668
7.289569
7.179086
6.957588
6.828302
6.633037
6.639536
6.83713
6.622953
6.634545
6.473757
6.664486
6.544826
6.253482
6.204082
6.238743
6.341031
6.896392
6.759409
6.848353
6.97916
6.936465
6.854861
7.041581
6.894481
6.913547
6.984394
6.921088
7.185399
7.545004
7.668948
7.647593
7.517146
7.792323
7.779997
7.61478
7.685624
7.729712
7.963754
7.861509
8.043315
8.009557
8.012623
8.169576
7.992245
8.113192
7.903318
7.799557
7.782903
7.695682
7.476545
7.601548
7.085593
7.154154
7.568111
7.463961
7.121537
6.779595
6.9631
6.713737
6.541826
6.716079
6.564303
6.451391
6.412525
6.326005
6.236878
6.038806
6.114789
6.186822
6.435166
6.752995
6.665549
6.936309
6.621562
6.611778
6.687459
7.029449
7.203135
7.240625
7.016936
7.242652
7.416635
7.396527
7.540026
7.447204
7.415207
7.441805
7.251343
7.237015
7.313277
6.68465
6.563059
6.959296
6.79726
6.948064
6.742752
6.331055
6.377992
6.179143
6.244361
6.191374
6.298028
6.540169
6.190484
6.095413
6.297207
6.509718
6.28318
6.288738
6.393335
6.72248
6.874835
6.687599
6.814261
6.944461
7.211187
7.30535
7.123382
6.9257
7.001343
7.30045
7.371002
7.838918
7.713408
7.879404
8.018128
8.330647
8.527144
8.608198
8.589124
8.54937
8.655546
8.492161
8.426565
8.458418
8.665663
8.610961
8.309357
8.559375
8.56347
8.702425
8.906798
8.909259
9.147867
9.302495
9.194121
9.718231
9.358306
9.628147
9.579299
9.226013
9.17431
9.301802
9.10671
9.381951
9.436788
9.20219
9.018478
9.052089
8.519368
8.810627
8.49789
8.603337
8.966399
9.149851
9.075836
9.117823
8.954783
8.586249
8.410843
8.375238
8.245888
8.323629
8.220522
8.234551
8.327193
8.267379
7.951135
7.835924
7.731135
7.732952
7.496283
7.24069
7.094543
7.165229
7.057973
7.298362
7.169659
7.363167
7.741483
7.794483
7.693853
7.601011
7.578632
7.732275
7.29747
7.293442
7.40834
7.772425
8.082948
8.077937
7.981364
8.098713
8.029553
7.962222
7.900969
7.989145
7.817168
7.231882
6.662976
6.63126
6.990335
7.148269
7.145196
7.380748
7.85667
8.037812
7.802071
7.817785
7.420303
7.315139
7.187882
7.160238
7.025126
7.10924
7.158215
6.989272
7.172541
7.236258
6.965229
6.774484
6.898423
7.150896
7.340526
7.368411
7.495925
7.616194
7.275587
7.282166
7.460787
7.38305
7.484756
7.661196
7.761772
7.322925
7.552336
7.427521
7.370059
7.404783
7.494295
7.50612
7.089329
7.341426
7.167196
7.148136
7.283563
7.736082
7.59083
7.400023
7.50263
7.282659
8.034353
8.213391
8.700855
8.889188
9.040766
9.249521
9.262714
9.369483
9.826917
9.541073
9.535529
9.827039
9.954746
10.05952
10.34753
10.44965
10.54232
10.53359
10.7643
10.64574
10.74547
11.17585
11.21077
11.34598
11.28557
10.85847
10.66739
10.62604
10.73793
10.66559
10.53118
10.4506
10.54935
10.35905
10.5118
10.90953
10.85056
11.07153
11.00393
11.13452
10.85161
10.83694
10.80681
11.00563
11.01578
11.18154
11.18833
11.04279
10.97959
11.00433
11.25598
11.14885
10.82098
11.06532
10.76153
10.9024
11.05308
10.81711
10.56031
10.5584
10.95503
10.81445
10.95719
11.18647
11.45352
11.53219
11.47501
11.60997
11.64763
11.26458
11.13844
10.91992
10.99317
10.83977
10.74036
10.69199
10.38166
10.38436
10.18665
9.983085
10.23238
10.27173
10.08084
9.947008
10.32017
10.47756
10.6656
10.53468
10.51018
10.68546
10.72216
10.84774
11.03063
11.01379
10.87912
10.61358
11.00281
10.94356
10.90922
11.15203
11.52801
11.30595
11.52734
11.50801
11.46324
11.83969
11.84978
11.72583
11.93993
11.77084
11.72417
11.45125
11.35352
11.5254
11.00255
11.01715
11.39003
11.2107
11.06482
11.23507
11.53052
11.8961
11.82504
11.94228
11.75942
12.13559
11.74077
12.15011
11.85041
11.65885
11.60521
11.4469
11.08752
10.75137
11.33776
11.40502
11.30401
10.87824
11.10001
10.91898
10.75339
11.08003
11.45508
11.84533
11.87254
11.74286
11.68797
12.12111
12.71783
13.17417
13.23324
13.15991
13.1367
13.23851
13.42598
13.72552
14.05666
13.93488
13.65294
13.71189
13.32188
13.21483
13.28003
13.57181
13.62765
13.7364
13.39215
13.23347
13.45941
13.66564
13.57993
13.50018
13.71731
13.96621
14.01993
14.34921
14.10809
14.3608
14.22055
14.41272
14.58209
14.5043
14.12362
13.79068
13.87019
13.8365
14.07468
14.29547
14.14836
14.21068
14.11386
14.27994
14.31015
14.04975
14.27658
14.44117
14.17764
13.99448
13.89338
14.03595
13.84418
13.71188
13.59975
13.55482
13.30338
13.1681
13.44143
13.88701
14.10871
14.16548
14.14493
14.00203
13.74659
13.85235
13.98103
13.5532
13.49216
13.30513
13.24701
13.37268
13.20168
13.32418
13.6841
13.69996
13.93274
14.02746
14.2747
14.49064
14.14629
13.85735
13.51381
13.3873
13.33785
13.2283
13.1168
13.29005
13.30086
13.14079
13.13188
12.88788
12.7624
12.56698
12.36709
12.71249
13.21055
13.1311
13.04452
12.99443
13.27265
13.13761
13.22605
13.27463
13.21728
13.18683
13.19444
13.01529
12.63646
12.60055
12.43948
12.34672
12.70952
12.80434
13.03822
13.07063
12.75106
13.2762
13.29456
13.27543
13.44207
13.63828
13.49223
13.59996
13.44173
13.09471
12.99393
12.83749
12.82727
13.00427
13.07018
13.22839
13.05948
13.0841
13.36502
12.99485
12.82602
12.79322
13.28164
13.38613
13.10896
13.22184
12.96354
13.26852
13.33421
13.68649
13.7235
13.25491
13.42597
13.3317
13.33657
13.32546
13.22961
13.3837
13.7865
13.72606
13.78236
13.93927
14.19983
14.14583
13.99981
13.97989
14.43207
14.38931
14.31494
14.77296
14.33312
14.42384
14.33725
14.46491
14.53284
14.34076
14.85858
14.54676
14.27873
14.16848
13.92159
13.90233
13.64137
13.46593
13.36326
13.52721
13.64295
13.48373
13.85384
13.65256
13.34012
12.77588
12.77282
12.83871
12.63187
12.55882
12.34633
12.09927
11.66388
11.58708
11.95231
12.04048
12.15957
12.10717
11.84301
11.79465
11.30876
11.09007
11.49678
10.98346
10.72627
10.92872
11.18293
10.82551
10.48774
10.4281
10.38069
10.12558
9.907396
9.857888
9.713217
9.732064
9.738204
9.549067
9.471985
9.428927
9.76677
9.683668
9.300714
9.017387
8.875007
8.983009
8.907096
8.644229
8.755412
8.968519
8.82881
8.705833
8.626665
8.583597
8.318251
8.368894
8.080677
8.174034
8.059782
8.367569
8.424818
7.994888
7.842687
7.764976
7.80035
7.722949
8.105023
7.979656
8.007091
7.897337
7.946012
7.973541
8.107244
7.984399
8.025204
8.029031
8.200021
8.022818
7.946937
8.465148
8.192953
8.28784
8.429129
8.094203
7.949885
7.94257
8.044378
7.795628
7.714538
7.79512
7.778462
7.625509
7.779413
7.669061
7.599006
7.834468
7.858776
7.974185
8.200013
8.413169
8.779835
9.200937
9.040551
9.340057
9.589035
9.913663
9.991998
9.938447
9.800788
9.684296
9.986187
9.765065
9.937722
9.884538
9.481208
9.244724
9.704534
9.661934
9.834111
9.730212
9.512503
9.388275
9.276433
8.854047
8.765149
8.687691
8.665211
8.61399
8.284466
8.119829
8.046948
8.127234
8.315496
8.209517
8.169787
8.243408
7.905115
8.201507
7.99274
8.388572
8.390011
8.349137
8.637227
8.437958
8.734306
8.967199
9.185612
9.152631
9.322666
9.468009
9.817693
9.802412
9.531242
9.163447
9.559377
9.670833
9.872428
9.888722
9.846246
9.994667
10.04136
10.14614
9.741789
9.966218
9.569744
9.952351
9.957709
10.11682
10.04744
10.20028
10.05979
10.47652
10.7283
10.81549
10.678
10.4353
10.4647
10.59308
10.40447
10.55582
10.15742
10.03993
9.544695
9.469304
9.4793
9.298045
9.269898
8.971684
8.621253
8.384051
8.853068
8.797885
8.528111
8.511495
8.090649
8.523822
8.556464
8.617572
8.651632
8.710859
8.46681
8.529049
8.44755
8.845316
8.627487
8.533832
8.40495
8.624277
8.561906
8.022142
7.922847
8.075266
8.025348
7.730495
7.804895
7.878207
7.624823
7.668099
7.37404
7.275137
7.787455
8.126238
8.091488
8.08452
8.131032
7.96627
7.58134
7.566139
7.631572
7.457192
6.89522
6.580043
6.750643
6.768837
6.987448
7.370252
7.38181
7.331267
7.143749
6.700321
6.95864
6.713697
6.610775
6.8538
6.649533
6.625541
6.510217
6.46437
6.212878
5.987723
5.897697
5.634364
5.180566
5.232982
5.156739
5.125619
5.151322
4.950194
4.947804
5.279355
5.186999
4.908122
5.224489
5.11607
5.393022
5.357173
5.523177
5.514309
5.479134
5.796234
5.938402
6.066354
6.106572
6.15518
6.084813
6.167358
6.061374
5.959378
6.206824
6.013689
6.008234
5.949779
6.088601
6.110799
6.193758
5.830883
6.045468
6.101294
6.514687
6.515681
6.167474
6.086683
6.370795
6.349983
5.984192
5.913507
5.770922
5.617281
5.75743
5.467909
5.220341
5.266192
5.864727
5.764641
5.812172
5.336944
5.280293
5.227821
5.611022
5.513041
5.679174
5.569834
5.812007
5.808837
5.869831
6.03256
6.116248
5.530767
5.674263
5.88551
5.799484
5.901792
5.869161
6.194364
6.120619
5.959979
5.473526
5.710113
5.52006
5.7776
5.745329
5.508267
5.507848
5.547213
5.396296
5.257103
5.611738
5.384568
5.194945
4.88024
4.7907
4.923929
4.975468
5.359473
5.622477
5.548769
5.728313
5.673701
5.562297
5.489266
5.466491
5.497043
5.450005
5.692636
5.939141
5.87886
5.767934
5.609141
5.511525
5.191348
4.991282
4.836169
4.586034
4.737887
4.814721
4.567559
4.908398
4.783915
4.575468
4.913104
4.722686
4.710619
4.508128
4.638828
4.739602
4.637327
4.620815
4.566548
4.324063
4.397376
4.856397
4.561343
4.189933
4.45477
3.84527
3.788311
3.621562
3.642441
3.715184
4.10345
3.845525
3.982784
4.107822
4.061836
4.336029
4.089985
4.105094
3.97652
3.926061
4.102945
3.486052
3.675102
3.881216
3.728054
3.538538
3.505629
3.86402
4.249152
4.210406
3.913166
3.934248
4.074761
4.131367
4.379025
4.070384
4.147593
3.817329
3.869018
4.070737
4.197714
4.227702
4.042327
4.031507
4.089148
3.735344
3.913122
4.056662
4.176887
4.122017
4.114624
4.20502
4.1811
3.896545
3.682792
3.345845
3.354768
3.592931
3.621125
3.659618
3.974986
4.027964
3.914682
3.662807
3.617214
3.633385
3.670772
3.48281
3.630102
3.361556
3.522364
3.382446
3.639044
3.664217
3.664125
3.836521
3.669802
3.637261
3.83602
3.942132
4.125433
4.529781
4.464725
4.530294
4.819383
4.742242
4.748019
4.952997
5.093095
4.797921
4.409528
4.425899
4.252513
4.117737
4.121886
4.155475
3.932968
3.602409
3.25981
3.360244
3.341597
3.18764
3.260719
3.317413
3.513829
3.366197
3.398076
3.127686
3.419579
3.366146
3.017795
2.641702
2.740345
3.068671
2.874511
2.707884
2.577397
2.337396
2.494794
2.47938
1.834904
1.862277
1.788632
1.551115
1.759789
1.920016
1.906747
1.795658
2.219152
2.125051
2.505078
2.459938
2.703005
2.793303
2.87032
2.824712
2.448957
2.41003
2.767742
2.630594
2.469042
2.085091
1.954368
1.825418
2.109343
2.143276
2.156999
2.11863
2.258927
2.14215
2.368805
2.412541
2.594342
2.613282
2.717744
2.729243
3.046599
3.190631
2.985594
3.223094
3.478254
3.384903
3.317962
3.565446
3.129003
3.260458
2.863092
2.778524
2.698755
2.845669
3.056206
2.964378
2.757231
3.058835
2.899217
2.805554
2.876939
2.517922
2.869215
2.788675
2.625356
2.755612
2.88068
2.671238
2.7816
2.709682
2.679462
2.490738
2.321245
2.144352
2.346957
2.003566
2.275533
2.609686
3.036894
3.205234
3.27046
3.725157
3.998816
4.377415
4.50301
4.749076
4.825953
4.869124
4.894688
5.178241
5.080848
4.987613
5.197286
5.209136
4.996386
5.305462
5.146319
5.161679
5.086492
5.508851
5.420801
5.646422
5.550335
5.48085
5.805658
5.861036
5.890928
6.088114
6.420603
6.769143
7.211913
7.599276
7.711952
7.765076
8.134617
7.777409
7.87375
7.967741
8.125486
7.978406
8.336597
8.608823
8.779542
9.074081
9.210675
8.876054
9.043007
9.166541
9.153442
9.382917
9.271458
9.143446
8.95473
9.425575
9.341365
9.046991
8.919961
8.437727
8.995506
9.457809
9.305005
9.547933
9.199915
9.573904
9.587501
9.708678
9.693579
9.87347
9.955087
10.15544
10.12621
10.29994
10.40782
10.00202
10.20703
9.991105
9.956808
9.785439
9.712028
9.968069
9.944603
9.97363
10.14205
9.970789
10.27646
10.43461
10.38161
10.14456
10.62042
10.90108
11.02971
11.12054
10.7721
10.69147
10.70983
10.85755
11.0958
10.91481
10.79287
10.61798
10.44508
10.66121
10.76417
10.64524
10.38462
10.3176
10.30505
10.44556
10.42284
10.15374
10.34801
10.4902
10.54849
10.74281
10.71677
10.62209
10.42239
9.973522
9.691472
9.816357
9.357
9.679959
9.394098
9.580273
9.397321
9.230422
8.943434
9.000622
8.864828
8.751789
8.612318
8.75571
8.812577
9.007577
8.955751
9.134777
9.044492
8.93518
9.245061
9.511915
9.778666
9.572737
9.569955
9.868404
9.846459
9.926151
9.921402
10.26997
10.41205
10.51993
10.8457
10.76192
11.02668
10.96906
10.96727
11.02777
11.15601
11.1532
11.15556
11.09122
11.13963
10.96306
11.02477
11.46422
11.80905
12.10659
12.41811
12.30717
11.97958
11.8758
11.72499
11.70227
11.63732
11.69
11.8135
11.39854
11.05972
11.2177
10.94069
11.30717
11.64016
11.71728
11.49749
11.68186
11.27561
11.41982
11.15359
11.27836
11.05344
11.01833
11.22934
11.38925
11.35803
11.29015
10.85777
10.94643
10.67905
10.60593
10.49311
10.34397
10.76648
10.76578
10.23501
9.714972
9.56859
9.741036
9.765328
10.31712
10.12064
10.47031
10.05627
10.35077
10.3674
10.35159
10.36988
10.6454
10.24479
10.23241
10.23625
10.1808
10.29839
10.7095
11.05525
10.9988
11.408
11.74636
11.94018
11.94512
12.04827
12.00294
12.02561
12.18246
12.25738
12.26573
12.49493
12.49867
12.91551
12.98656
13.14171
13.19828
13.09702
12.92504
13.04025
13.38175
13.54412
13.27591
13.08738
12.62618
12.53606
12.64077
12.64722
12.67024
12.55724
13.13099
13.40542
13.39917
13.65241
13.7795
13.9496
13.87769
14.08599
13.91698
13.9302
13.85393
14.19723
14.14786
14.48794
14.12641
14.15303
14.18423
14.18639
13.93942
13.69204
13.15996
13.34667
13.55583
13.52549
13.57808
13.72501
13.59606
13.68889
13.60885
13.70274
13.81799
13.47885
13.36042
13.26295
13.16707
13.10113
13.31596
12.8542
12.78806
12.64023
12.91673
13.14161
13.29097
13.36654
13.20509
12.88906
12.99063
13.18657
13.1623
12.81302
12.38129
12.816
13.01975
13.11315
12.96141
12.90827
12.7467
12.45113
12.67918
12.52417
12.70501
12.83067
12.5326
12.40505
12.38987
12.24628
12.22359
12.0451
11.71548
11.43786
11.31234
10.95795
11.04565
10.9789
11.01983
11.09278
11.48658
11.23745
11.29658
11.32624
11.6258
11.72247
11.53662
11.32404
11.26564
10.97605
10.94921
10.9211
11.15786
11.47724
11.2668
11.1356
11.57567
11.24154
11.47581
11.14719
10.81972
10.64324
10.56244
10.57065
10.71151
11.04715
10.99909
11.12771
10.99333
10.85387
10.9817
11.06218
11.20315
11.1728
11.1521
11.18506
11.21062
10.93004
11.09794
11.0134
11.46343
11.07339
11.02402
11.17707
11.05906
10.90808
10.84711
10.67719
10.47619
10.10504
10.17076
10.34297
10.07362
10.37264
10.19174
10.54346
10.66193
10.21235
10.28273
10.11857
10.18175
10.66899
10.45611
10.86776
10.64828
10.68561
10.49854
10.50098
10.74834
10.78407
10.77905
10.64715
10.261
10.24681
10.17288
10.05913
10.29184
10.26174
10.23612
10.59212
10.41004
10.40539
10.51694
10.81143
10.65213
10.84263
10.99476
11.37973
11.31919
11.43738
11.2246
11.16466
11.10416
10.97567
11.23117
10.96074
10.94593
11.00649
10.95035
11.07751
11.30474
11.72546
11.8041
11.81163
11.6009
11.55861
11.60616
11.51859
11.65464
11.20168
11.2725
10.92842
10.71927
10.95027
10.94362
10.97679
10.80529
10.90632
10.93804
10.94936
10.69279
10.55621
10.9271
10.62195
10.6515
10.36061
10.65627
10.83918
10.99298
11.00042
11.20444
11.48772
11.35901
11.48357
11.2973
11.64175
11.46352
11.55809
11.75872
11.8809
12.21724
12.21844
11.91721
11.93767
11.89299
11.79985
11.99331
12.00144
11.91335
11.79057
11.85459
11.8973
11.97954
11.90262
11.75623
12.09871
12.39832
12.46425
12.52158
12.46059
12.6428
12.38537
12.59399
12.72439
12.73954
12.41551
12.57589
12.50652
12.6387
12.41403
12.40909
12.66153
12.74949
12.42586
12.67191
13.29085
13.19446
13.43708
13.46286
13.34606
13.54679
13.55535
13.45983
13.33155
13.33143
13.4977
13.33734
13.59349
13.76016
13.63397
13.46137
13.64658
13.79569
13.77175
13.38558
13.26614
13.31029
13.32169
13.26627
12.97971
12.82377
12.80811
12.9576
12.98214
13.15755
13.16648
12.87837
12.88609
13.02914
12.97126
12.69026
12.76023
12.9946
12.81401
13.41254
12.98426
12.80976
13.05051
12.92056
13.01208
13.04229
13.09493
12.87962
12.94649
12.85792
13.02858
13.01423
13.16885
13.79851
13.84205
13.91484
13.84043
13.81067
13.91934
14.40857
14.09647
14.04683
14.08967
14.11244
14.1131
14.02082
13.72657
13.33928
13.26308
13.05567
13.30096
12.90708
12.72075
12.74602
12.75157
12.67388
12.36651
12.50253
12.21705
11.36363
11.47265
11.47894
11.25606
11.77904
11.66927
11.67124
11.82005
12.28501
12.37304
12.52297
12.80764
12.78376
12.59713
12.42584
12.40207
12.41435
12.35013
12.23197
12.70553
12.8062
12.95235
13.21162
13.10047
12.743
12.91449
12.8623
13.19631
13.73708
13.12277
13.03107
12.9986
12.60536
12.65072
12.81294
12.867
12.90203
12.71301
12.48306
12.83848
12.72845
13.00557
12.75785
12.86843
12.95904
12.85903
12.87957
12.61633
12.3714
12.63625
12.61635
12.03661
11.98515
11.98953
12.31868
12.13419
12.03804
11.84134
11.80141
11.45455
11.71352
11.70715
11.55443
11.56791
11.67402
11.73976
11.73066
11.66062
11.75783
11.46039
11.65179
11.65458
11.40922
11.66875
11.29297
10.88349
10.74074
10.7668
10.69158
10.9171
10.63834
10.42373
10.63314
10.75874
10.46174
10.72931
10.94329
11.19182
11.02836
10.89191
11.05518
10.7796
10.60797
10.43683
10.26307
10.20042
10.2176
10.44157
10.74786
10.92188
11.20058
11.21358
11.22331
11.50664
11.58115
11.83425
11.94611
11.90915
11.49312
11.59441
11.68439
11.35424
11.28021
11.27095
11.02086
11.01634
11.10278
11.02896
10.52208
10.22045
10.03798
10.38309
10.24072
9.996893
10.13003
10.17927
9.989873
10.09833
9.787454
10.02726
10.18088
10.41803
10.29845
10.46082
10.66196
10.65636
10.43129
10.22447
10.02526
9.810987
9.962779
10.11034
10.27697
10.52198
10.84152
10.57809
10.64181
10.64271
10.63964
10.42721
10.43139
10.57155
10.12004
9.868326
9.898849
10.07621
10.13462
10.4292
10.86988
10.7438
10.58775
10.65296
10.93145
10.96192
11.14988
11.04268
11.39681
11.40941
11.8447
12.03346
12.09999
11.63751
11.55409
11.02435
11.61515
11.99138
11.75642
11.70817
11.57657
11.36391
11.47839
11.5644
11.51892
11.58761
11.7267
11.62509
11.38088
11.34188
11.53435
11.99362
11.97378
11.96475
11.89103
12.16436
12.23715
12.42455
12.45323
12.63355
12.56725
12.60562
12.31908
12.08224
12.45463
12.41391
12.37414
12.50737
12.50175
12.49376
12.78328
12.96812
12.38719
12.30766
12.21803
12.36458
12.12119
12.22637
12.27481
11.95052
12.04037
12.56771
12.64026
12.63651
12.90563
12.9027
12.45485
12.2205
12.27902
11.9616
11.80906
11.85995
11.72591
11.55195
11.47819
11.38704
11.45651
11.47025
11.65048
11.51319
11.55532
11.66692
11.94739
12.10798
11.9824
11.89809
12.19588
12.40925
12.374
12.51679
12.68704
12.88185
12.84765
12.86883
13.03713
13.04049
13.10329
13.5753
13.50855
13.65425
13.52006
13.87182
13.91856
14.06287
14.06843
13.82397
14.03393
14.17515
13.89167
14.29693
14.28927
14.21541
14.16726
14.36241
14.83319
14.93038
15.04255
14.85805
14.90494
14.65226
14.32318
14.36623
14.48911
14.42411
14.09735
14.3449
14.70585
14.81751
15.17404
14.85409
15.09806
15.13305
15.14333
14.94159
14.91496
14.85118
14.93454
14.96651
14.82805
14.95348
14.93545
15.29119
14.8371
14.76951
14.64295
14.21136
14.34012
14.43821
14.59803
14.13044
14.08863
13.97429
13.87988
14.21285
14.46373
14.72554
14.77017
14.65973
14.57537
14.32463
14.21011
14.12611
14.29018
14.39046
14.60123
14.40047
14.6372
14.5321
14.48339
14.07572
13.70398
13.50219
13.63419
13.57403
13.38447
13.45295
13.07281
12.8152
12.96999
12.79091
12.43598
12.59301
12.75407
12.69358
12.95657
12.87051
13.01711
12.67517
13.00284
13.31784
13.19052
13.35378
12.99102
13.02981
12.71972
12.81537
12.72173
12.76118
12.57157
12.36431
12.67164
12.57801
12.91345
13.03515
12.77103
12.59085
13.05686
13.02978
12.60239
12.67915
12.32153
12.13177
12.28369
12.14378
12.01756
11.91206
12.33628
12.67755
12.63486
12.25819
12.4018
12.44285
12.27966
12.64168
12.63307
12.61152
12.27307
12.04379
12.1867
12.22618
12.06375
11.94659
11.62509
12.05581
11.93139
11.72573
