2.111197
2.33399
2.341679
2.134425
2.743105
2.599618
2.256084
3.029232
2.578432
2.613659
2.327052
2.487048
2.418449
2.478636
2.659276
2.611084
2.354796
2.657054
2.824849
2.332482
3.113649
2.91079
2.43393
2.639319
2.405037
2.360529
2.624441
2.6895
2.348861
2.445114
2.21712
2.140135
2.960954
2.131691
2.817526
2.45096
2.551796
2.530904
2.169337
2.457363
2.640771
2.28338
2.558563
3.661606
3.259647
2.848771
2.20777
3.146849
2.228133
2.607172
2.478325
3.020986
3.011577
2.210305
3.354514
2.49312
2.252785
2.453195
2.448211
2.195944
2.657354
2.972264
2.546859
3.068914
2.552702
2.293489
3.092834
2.951547
3.018805
2.734136
2.300397
2.491405
2.886409
2.617134
2.547947
2.617962
2.237205
2.422907
2.52743
2.680692
2.615904
2.379203
2.706795
2.623065
2.591341
3.071807
2.26194
2.966521
2.85883
2.499941
2.952567
2.615248
3.344295
2.735156
2.802155
2.56283
2.878945
3.069995
2.553875
2.951569
2.479606
2.78088
2.861585
2.810947
2.177848
3.116158
2.657051
2.835627
2.402867
2.991282
3.373668
2.596149
2.520398
2.729255
2.776841
2.54489
2.382197
2.805911
2.740318
2.703377
3.243664
2.555358
2.492074
3.201214
2.698133
2.369584
2.495688
2.904959
3.036368
2.726243
2.751127
2.715465
2.960735
2.148518
2.719443
2.476733
2.6083
3.060457
2.529159
3.045174
3.035922
2.817686
2.348263
2.532647
2.617431
2.309172
2.855663
2.169808
2.247869
2.913994
2.798982
3.175597
2.4327
2.316478
2.544803
3.102266
2.1965
2.637952
2.480111
2.308891
2.583334
2.683132
2.907263
2.229826
2.511206
2.559514
2.485416
2.539092
3.233225
2.910331
2.510697
2.499975
2.99248
3.145177
3.073242
2.570405
2.498853
2.357113
2.534899
2.680708
2.223256
3.066902
2.272679
2.783824
2.737693
2.9516
3.069908
2.717843
2.711851
2.789797
2.968633
3.515798
2.946831
2.885296
2.916055
2.682633
2.78651
2.946446
2.850979
2.755974
2.96067
3.164433
3.096055
2.86158
2.90507
2.687783
3.221466
2.811729
2.601363
2.844815
3.139693
3.349472
2.777873
2.708251
2.626274
3.270908
2.534901
2.68942
3.008473
2.585567
2.936818
3.268759
2.882504
2.757076
2.794495
3.104061
2.955187
3.07655
2.702896
3.132457
2.827744
2.574709
2.848405
2.77669
2.460376
3.000023
3.204278
3.137939
2.706345
2.396687
3.130251
2.757792
2.736594
3.01752
2.88991
3.275912
2.869603
3.552434
3.167001
2.836294
3.822618
3.75858
2.875979
2.9111
3.210967
3.337463
3.272417
2.497408
2.954172
3.193916
3.180516
3.097819
2.833775
2.504757
2.763833
3.377108
3.309983
2.648451
2.984946
2.9306
3.055731
2.600622
2.626601
3.135559
2.643425
3.600692
2.856448
2.88223
2.703373
3.026441
3.106119
2.839038
3.349674
3.07946
2.985977
3.426219
3.11864
3.257981
3.019565
3.390223
3.025354
2.981335
3.595752
3.434748
3.233326
3.308793
3.232796
3.139306
3.160573
3.165881
3.157418
3.307419
3.712412
2.668492
2.522734
2.873376
3.268822
2.64574
3.324743
2.726729
3.191297
3.480307
3.056394
2.941544
3.374819
2.895668
2.643627
2.768012
2.563565
2.614394
2.903813
2.881214
3.460422
2.570776
2.722655
2.687616
2.690031
2.722466
2.841569
2.814778
2.864688
3.259725
3.136921
3.317958
3.266906
3.08047
2.408463
2.907883
3.035376
2.692142
3.220958
3.356089
3.049476
3.041813
2.992321
2.977376
2.642109
3.112007
2.651189
3.018743
2.715162
3.021354
2.995151
3.715187
3.138924
2.719906
2.869524
3.002418
3.154547
2.72013
2.691087
2.822872
2.969634
3.499878
2.645533
2.401676
2.564934
3.053372
2.8012
3.124711
2.171712
2.745928
2.678555
2.779896
2.816111
3.089606
3.473961
3.460302
2.400605
3.029714
2.673054
3.535213
2.925326
2.766351
3.130389
2.85835
2.917383
3.099175
3.196851
3.095906
2.673774
3.100498
2.719786
2.928042
3.294597
2.453867
2.816395
3.117996
2.703593
3.146844
2.352421
2.391982
2.992699
2.679163
3.176085
2.924857
3.566675
3.084142
2.988333
3.177368
2.895487
2.917467
3.243295
3.009158
3.86135
2.856612
2.772688
3.266886
3.084568
3.55266
2.797563
3.511411
2.564691
3.575022
3.113296
3.879766
2.833445
2.974239
3.710013
3.401801
2.839275
3.52838
2.702003
3.308206
3.165932
2.974334
2.649742
2.755372
2.6304
3.05478
2.741839
2.926924
2.756561
2.856619
2.943141
2.676315
2.954273
3.275111
3.0289
2.253306
3.119303
3.052948
3.502727
3.262836
2.931098
3.200172
2.88641
3.180696
3.550462
2.883832
3.125906
2.248572
3.011725
3.372624
2.931381
2.806602
3.112515
2.848124
3.351705
2.993202
3.279001
3.056721
2.92459
3.289603
3.0604
3.378847
2.868116
3.326056
2.968263
3.123763
3.082803
2.811267
2.852457
2.813865
2.839636
3.121934
3.049493
3.026126
3.165847
2.950212
2.788496
2.693101
3.003946
2.979738
3.28097
2.851816
2.471698
3.347521
2.918286
2.780489
3.500631
3.559819
2.907742
2.727698
3.455379
3.134507
3.029573
3.316685
3.004522
2.866588
2.823577
3.088652
2.651526
2.522401
2.933024
2.319545
3.004022
2.882479
3.56793
2.356623
2.782448
2.708973
2.568118
3.206773
3.252783
2.988324
2.808979
2.902894
3.093004
2.604745
2.897516
3.093997
2.95688
3.64822
3.209236
2.347024
2.991964
3.00158
3.17621
3.388614
3.055876
2.843258
2.81586
2.822319
3.001804
2.289235
3.001105
2.787522
2.832176
3.010126
2.862559
2.694558
3.441594
3.085534
2.512998
3.073153
3.079308
2.455165
2.600338
2.755536
3.39906
3.477548
3.544012
2.916608
3.219779
2.538798
3.334454
2.664986
3.011263
2.901354
2.587656
3.47185
2.951089
2.680549
2.4973
2.825693
4.06757
3.094003
2.819744
2.750944
2.940389
2.997073
2.516448
2.507436
2.528243
3.572066
3.229648
2.68706
2.476457
2.893546
2.856407
2.426047
3.065853
2.887893
2.958839
2.72538
3.394923
2.673452
2.933972
3.179144
2.793145
3.170195
2.691836
3.82734
3.044983
2.713459
2.855259
2.809917
2.779119
2.436552
3.033706
2.65532
2.951002
3.056225
3.037507
2.552285
3.335949
3.212474
2.496674
3.149895
2.955404
3.025716
2.610291
3.103738
3.445543
2.799187
2.762811
2.769584
3.320966
2.51658
2.806203
3.238947
3.135034
3.030789
2.89384
3.423731
3.050611
2.453746
2.209612
3.071743
2.422921
2.917739
2.566662
2.523807
2.729726
2.768092
2.913433
3.102676
2.823945
2.704031
2.660311
2.950717
2.466354
2.881894
2.676465
3.201779
2.860318
3.446909
2.929005
2.421424
2.790153
2.940905
2.997101
3.352252
2.606432
2.682811
2.916286
2.512302
2.229967
3.767785
2.457738
2.780759
2.943147
3.213924
2.45203
3.190879
2.869767
2.681552
2.914171
2.653985
2.887498
2.648174
3.016896
2.844235
2.716696
3.149775
2.36493
2.996911
3.136753
3.048438
2.906017
2.809
2.480712
3.110598
3.460889
2.978341
2.97382
3.714795
2.894943
2.983553
2.947696
2.606617
2.977871
2.894103
2.556091
2.734712
2.930299
3.161133
3.062652
2.896414
3.273308
2.904295
2.989739
2.685852
2.864421
2.756063
2.854473
2.73521
2.945441
3.047973
2.341124
2.274076
2.547596
3.051754
2.556579
2.65395
2.167684
2.895551
2.784352
3.037699
2.465632
2.164894
2.255901
2.630616
2.809191
2.953985
3.568088
3.092217
2.416915
2.931249
2.175458
2.981254
2.947293
2.832627
3.258765
2.887711
3.126191
2.690964
2.668931
2.769238
2.859911
2.677248
2.584034
2.798121
2.672775
2.863069
2.729946
2.762711
3.033634
2.579509
2.727541
3.008657
3.076066
2.685289
3.005555
3.129485
3.484354
2.66037
2.787109
2.41644
2.992396
3.502259
2.827144
3.084475
3.294494
2.390959
3.439581
2.980355
2.6849
2.815605
2.580874
3.540795
2.635889
2.94663
3.100474
3.285363
2.895283
2.916397
2.456064
2.505506
2.91912
2.464271
2.861759
3.133759
2.805507
3.103342
2.280702
2.889048
2.24911
2.853533
2.843334
3.170523
2.808513
2.968337
3.10583
2.611407
2.515531
2.845541
3.290018
3.327956
2.811506
3.388268
3.445212
3.763364
2.912561
2.56569
2.462591
3.138675
2.623371
2.457716
2.558761
2.656168
3.05738
3.006457
2.806972
2.57218
2.411727
3.283687
3.08638
3.212752
3.100253
2.96037
2.807495
3.259511
2.725147
2.475644
2.801084
2.529174
2.629112
2.72865
2.814833
2.631042
2.543073
2.650125
2.407554
3.354847
3.203559
3.366487
3.155107
2.620693
3.215091
3.105587
2.947442
2.433527
2.937644
3.119931
3.20177
2.768782
2.507027
2.933966
3.314706
2.681039
2.689164
2.625679
2.564422
2.86794
2.441249
2.710712
2.998394
3.703423
2.713804
3.010533
2.75386
3.039335
2.81203
3.308021
2.838339
2.769218
2.536892
2.697616
2.947955
2.897862
2.881947
2.684318
2.693867
2.739818
2.534883
3.038206
2.693879
2.473125
2.92228
2.765344
2.780702
2.88105
2.796815
2.56385
2.754802
3.037404
2.542395
2.519686
2.913798
2.578611
2.885902
2.581477
2.991457
2.590784
2.480311
2.658369
2.569898
2.752459
2.775563
2.807581
3.270092
2.493636
2.805395
2.558463
3.062179
2.732337
3.22113
3.453377
2.387002
2.536007
2.820834
3.06864
2.742644
2.600947
2.550491
2.381424
2.480558
2.517335
2.900439
2.777712
3.133823
2.587783
2.779368
2.889882
2.689839
2.779428
2.38407
3.114382
2.568237
2.592316
2.641879
2.796526
2.719662
2.650631
2.97876
2.541055
2.803569
3.151914
3.057277
2.757067
2.830178
3.588343
3.129615
2.573829
2.667197
2.26799
2.66744
2.886239
2.826182
2.693128
3.473808
2.853926
3.045994
2.987515
2.386764
2.59898
2.787845
2.831965
2.637203
3.024274
2.118929
2.731204
2.85388
2.723232
2.891319
2.892751
2.256872
2.913807
2.910798
2.225952
2.330455
2.382497
3.000038
2.700502
2.118038
2.857648
2.751946
2.78891
2.597061
3.182532
2.276185
2.278158
2.965632
2.613995
2.918984
2.89861
3.011704
2.089905
2.59417
2.556587
2.707191
2.857236
2.71554
2.864896
2.71439
2.832135
2.939525
2.763545
2.792794
2.443422
2.669845
3.321632
2.625771
3.358549
2.854424
3.111572
2.687917
3.053778
2.948746
2.624493
2.238087
2.257999
2.936026
2.401108
2.762027
2.323148
3.02271
2.701649
2.408309
2.632987
3.174511
2.62091
3.060675
2.920608
2.701982
2.565698
2.200429
2.750806
2.74282
2.778061
2.599008
2.483165
2.452427
2.785462
3.442913
2.905872
2.851478
2.461558
2.269011
2.428663
2.392529
2.691396
2.875554
2.802819
3.427785
2.567444
2.827158
2.614082
2.6707
3.055173
3.003477
3.086594
2.961675
2.856435
2.875291
3.248456
2.634221
2.391274
2.434614
2.758707
3.1151
3.383174
2.955675
2.649492
2.471357
2.765122
2.780248
2.72104
2.902244
3.612355
3.230908
2.832344
2.559015
2.505319
2.650297
2.831408
2.858743
2.647975
2.606565
3.091177
3.178971
2.87462
3.643046
2.778903
2.724298
2.739028
3.02508
3.088069
3.031625
2.915671
2.981288
2.811519
2.919198
3.060459
2.7757
2.952827
2.274847
2.996721
2.821415
2.702303
2.745347
2.836009
2.74822
2.836359
3.021202
2.745252
2.555787
2.962536
2.540413
2.657037
2.913818
2.638205
2.772786
2.657384
2.450176
2.723992
2.644132
2.46165
2.861541
2.715031
3.398364
2.678082
2.722701
2.553541
2.172697
3.390435
2.806813
2.647856
2.325135
2.340407
2.775529
3.086703
2.016936
2.556358
3.104654
2.758553
2.624587
2.428136
2.495597
2.294889
2.10929
2.661726
2.699375
2.707605
2.563539
2.549936
2.820539
2.709
2.415192
2.755384
2.640314
2.688984
2.645139
2.56189
2.52123
2.138954
2.535672
3.184045
2.482785
2.860694
2.823717
2.47261
2.4788
3.119559
2.881727
2.501587
3.082331
2.943224
2.991806
3.332221
2.828186
2.676158
2.449403
2.845014
2.167201
2.609079
3.059095
2.346463
2.860256
2.194238
2.938771
2.633165
2.912793
2.718178
2.739162
3.398542
3.211633
2.343433
2.647228
2.311746
2.701636
3.132116
2.669873
2.239488
2.74918
2.418836
3.001317
2.608007
2.514965
2.419056
2.595948
2.981566
2.462145
2.674358
2.139687
2.457576
2.608781
3.457206
2.61915
2.212004
2.39472
2.703339
2.8667
2.672746
2.802901
3.05289
2.631439
2.494267
2.643414
2.628262
3.46877
2.741934
3.209128
2.66234
2.458707
3.196828
2.46089
3.295419
2.914573
2.648296
2.31388
2.635502
2.912182
2.843129
2.58887
2.592997
2.812587
2.61651
2.593819
2.79744
2.179995
2.929456
3.572681
2.920394
2.914782
2.432791
3.287692
2.276391
2.510494
2.620248
2.628584
3.011243
2.903025
2.606575
3.094915
2.698313
2.403415
2.777689
2.843456
3.641344
3.099035
2.887832
2.327085
2.770439
2.306314
2.601362
2.577111
2.988908
2.702208
2.646768
2.64358
3.047024
2.747365
3.061804
3.045877
3.360707
2.117577
2.755393
2.796646
2.524947
2.493479
2.843092
2.201356
2.567681
2.799175
2.192994
2.728434
2.78138
2.638067
2.366396
2.940753
3.230425
2.745872
2.816917
2.639206
2.620524
2.714382
3.055151
2.79845
2.916895
2.897646
3.338819
2.757352
2.053586
2.524461
2.853296
2.649727
2.163499
2.349481
3.057895
2.708159
2.902076
2.383794
2.843383
2.720859
2.154573
2.517254
2.576676
3.243867
2.631817
2.69701
2.866486
3.345419
2.404926
2.309173
2.650857
3.598666
2.409556
2.569333
2.982675
2.768719
2.35596
2.281616
1.960045
2.324545
2.886727
2.665475
2.697509
2.627511
3.029328
2.370637
2.629273
2.695564
2.825946
2.553899
2.056851
2.920358
2.628404
2.860119
2.679911
2.363033
2.567714
3.242553
2.605597
2.790812
2.556903
2.094581
2.394926
2.505396
2.439063
3.439154
3.021502
2.731542
2.604744
2.905663
2.946854
2.591224
1.945539
2.304646
2.376243
1.881823
2.616208
2.79993
3.16087
2.078109
3.280631
2.662735
2.566642
2.297558
2.442681
2.561796
2.243016
2.431553
2.991918
2.382687
2.777032
2.801916
2.638539
2.843089
2.402783
2.836774
1.98813
2.38711
2.394602
2.936364
2.967638
2.478027
3.181125
2.983806
2.558923
2.469329
2.617139
2.801534
2.821406
2.867021
2.447347
3.275379
3.284677
2.540951
2.630215
3.242468
3.071824
2.586508
3.018595
2.471952
2.578323
2.822829
2.699757
3.242542
2.681305
2.835081
2.658779
2.520797
2.488313
2.347811
2.763106
2.664738
2.698143
2.657545
2.895226
2.486552
2.822427
2.844558
2.043598
2.405345
2.510203
2.58548
2.626664
2.93467
2.564995
2.256639
2.553684
2.308693
2.832512
2.479916
2.840481
2.357548
2.63385
2.529713
3.092533
3.100678
2.29018
1.987901
2.536281
2.44851
2.435835
2.794761
3.139761
3.040305
2.42536
2.512743
2.599652
2.607373
2.815234
2.573315
2.265199
2.528474
2.872591
2.790035
2.46598
1.799371
3.086366
2.684521
2.243952
2.138761
2.256627
2.806977
2.300869
2.424426
1.963245
2.222357
2.375375
2.312498
2.544244
3.213421
2.443733
2.883504
2.953669
2.440426
2.130853
2.763099
2.746868
2.746267
2.692522
2.60427
2.486267
2.008471
2.401251
2.126736
2.219095
2.793467
2.275571
2.621417
2.700533
2.850532
2.151988
2.134167
2.743032
2.863074
1.732226
2.406961
2.615891
2.472706
2.484145
2.320148
2.865033
2.252822
2.523922
2.437042
2.841041
2.037468
2.506373
2.338661
1.853024
2.756034
2.470424
2.544311
2.765178
2.375032
2.295751
2.659439
2.179252
2.36049
2.113478
2.052531
1.993756
2.616759
2.56213
3.19451
3.228283
2.977451
2.522458
2.521548
2.412067
2.37274
2.591219
2.366691
2.67601
2.45628
2.668954
2.638573
2.312117
2.564501
1.989595
2.181837
2.564847
2.430375
2.733805
2.789169
3.009549
2.390783
2.456832
2.667686
2.691662
2.473855
2.672352
2.564679
2.606531
2.334333
2.483458
2.737297
2.745594
2.146632
2.679411
2.812678
2.991388
2.763568
3.345359
2.232157
2.350369
2.767978
2.493941
2.873444
2.413697
2.570571
2.23788
2.332063
2.521857
2.338476
2.437847
3.086081
2.606734
3.10994
2.59987
2.303348
2.158857
2.453447
2.938945
2.829431
2.127827
2.72197
2.598633
2.273107
2.558139
2.702625
2.411829
2.025857
2.325086
2.294777
2.703525
2.464983
2.99966
2.904041
2.741125
2.09667
2.086759
2.579827
2.453184
2.104761
2.367912
2.428316
2.829199
2.762734
3.18467
2.668097
2.621119
2.485375
2.538532
3.180251
3.020891
2.357114
2.803592
2.667203
2.834339
3.44161
3.124096
2.775269
2.570902
2.819964
3.057035
2.720484
3.520977
2.745567
2.515684
2.549589
2.626706
2.067005
2.677405
2.416718
2.488663
2.768966
2.397774
2.627779
2.536072
2.595449
2.801695
2.861424
2.487898
2.869347
2.554787
2.764897
2.303647
2.240114
3.105203
2.605789
2.638779
2.991435
2.63252
2.482078
2.586143
2.351489
2.473573
3.069382
3.161432
2.396951
2.724005
2.174166
2.984687
2.569782
2.232433
2.497124
2.410513
2.826064
2.429332
2.243935
2.15248
2.440959
2.797206
2.323491
2.755199
2.444504
2.560948
2.617596
2.399564
2.639804
2.299816
2.52596
2.665282
2.262902
2.642812
2.311997
2.386513
2.256223
2.536675
2.879767
2.933669
2.594959
2.970385
2.183081
2.081096
2.810681
2.476168
2.708709
2.252804
2.257204
2.719483
2.425477
2.720518
2.60558
2.4733
2.335045
2.521131
2.713314
2.116563
2.865601
2.642797
2.618538
2.903431
3.369542
2.762047
2.98995
2.715522
2.628118
2.659572
2.416699
2.562839
2.935828
2.502636
2.797729
2.626511
3.220743
2.787373
2.676903
2.612089
2.906163
2.525606
2.535667
2.864617
2.697429
3.011399
2.057026
2.214571
2.371876
2.363039
2.381604
3.161968
2.613477
2.689146
2.624221
2.941592
2.629158
2.224334
3.425608
2.718289
2.775892
2.592796
2.399453
2.900178
2.915915
2.735091
2.268866
3.005515
2.106915
2.116805
2.276861
2.770687
2.521529
2.394533
2.353411
2.310667
2.390811
2.878475
2.233726
3.002029
2.802632
3.736188
3.367136
2.783553
2.340637
2.799327
2.950791
2.77404
2.651939
2.576476
2.399795
3.003942
2.613476
2.662746
2.491927
2.235338
3.329365
2.722301
3.037215
2.587986
2.858659
2.537228
2.569212
2.730455
2.05554
3.658011
2.681933
2.45409
2.59921
3.229254
2.768362
2.011111
2.22393
2.632636
2.707776
2.473984
2.721942
2.545232
2.775474
2.767102
2.665898
2.643475
2.835344
2.34273
3.028485
2.174194
3.279608
2.744454
2.80951
2.826028
2.681114
2.234853
3.178684
3.028734
3.085075
2.9257
2.760542
3.293249
2.578497
2.62334
2.438929
2.977335
2.490218
2.846078
2.874514
2.20955
2.662625
3.148278
2.568713
2.351559
2.572463
2.73586
2.661318
2.940147
2.960264
3.340215
2.600329
2.295954
2.986801
2.520741
3.077158
2.873025
2.606489
3.032699
2.231879
3.244349
2.792164
3.116949
3.011617
2.635213
2.987596
2.730768
2.358811
2.82351
3.039662
2.804869
2.162166
2.749975
2.996966
2.325343
2.956294
2.734914
2.63888
3.223698
2.778735
2.671624
2.358223
2.542648
2.943043
2.421914
3.350666
2.717481
3.043131
3.168409
3.008531
2.559078
2.466202
2.83218
2.794957
2.69647
2.894312
2.174698
2.621305
2.816943
2.556502
2.706539
3.382559
2.680062
2.569861
2.918113
2.867892
3.192903
2.642839
2.862716
3.217345
2.616887
3.09285
2.817153
2.729313
2.885223
2.872975
2.775944
3.247735
2.86833
3.495223
3.11091
2.335747
3.245718
3.287437
2.680362
3.603783
3.006483
3.041142
2.972828
3.212819
3.302408
3.155984
2.837051
3.160583
2.918587
3.403637
2.706596
2.441847
3.027321
3.039294
3.211508
2.976293
2.847583
2.798603
2.574584
2.564709
3.437752
3.005662
3.08717
2.690789
2.660821
2.94084
2.765612
3.327094
2.722876
2.550532
3.053115
3.283245
2.955702
3.211557
3.625308
2.77025
2.390968
3.184469
3.3056
3.061024
3.457993
2.956547
3.685706
3.130212
3.11979
3.349478
2.921095
2.874984
2.929765
2.996074
3.349711
2.948412
2.987677
